kind,x,z,y,scale,rot_deg
flower,-284.12,-448.07,0,0.96,349
flower,-282.38,-448.17,0,0.94,54
flower,-283.37,-448.5,0,0.98,274
flower,-282.72,-449.64,0,1.3,253
flower,-288.6,-446.8,0,1.2,262
flower,-288.64,-447.12,0,1.34,62
flower,-283.71,-447.12,0,1.09,82
flower,-284.17,-447.53,0,1.24,273
flower,-282.91,-445.93,0,0.92,232
flower,-281.96,-445.32,0,1.26,59
flower,-280.53,-445.5,0,1.05,109
flower,-280.5,-446.21,0,1.26,306
flower,-275.91,-445.85,0,1.23,341
flower,-277.16,-446.97,0,1.2,57
flower,-290.74,-443.94,0,0.96,311
flower,-289.71,-444.72,0,1.24,308
flower,-290.82,-443.84,0,1.32,7
flower,-289.32,-444.0,0,1.29,337
flower,-286.69,-446.43,0,1.25,359
flower,-285.75,-445.65,0,1.37,104
flower,-286.89,-444.5,0,1.25,225
flower,-286.95,-446.23,0,0.99,82
flower,-285.54,-444.3,0,1.37,196
flower,-285.94,-444.32,0,1.06,255
flower,-286.08,-445.13,0,0.96,71
flower,-277.73,-444.33,0,1.24,45
flower,-278.34,-443.11,0,0.91,348
flower,-273.68,-443.93,0,1.32,39
flower,-273.93,-443.47,0,1.01,202
flower,-273.89,-441.75,0,1.0,86
flower,-235.07,-442.01,0,1.06,280
flower,-234.72,-442.89,0,1.04,204
flower,-227.12,-444.87,0,0.95,138
flower,-227.71,-443.53,0,1.06,152
flower,-223.9,-446.13,0,1.01,348
flower,-225.49,-444.77,0,1.37,34
flower,-224.35,-444.27,0,1.38,9
flower,-220.36,-442.32,0,1.2,159
flower,-219.37,-444.61,0,1.11,32
flower,-216.55,-443.85,0,0.95,290
flower,-217.32,-444.88,0,1.27,45
flower,-219.04,-442.58,0,0.98,101
flower,-216.5,-444.49,0,1.33,117
flower,-293.62,-443.68,0,1.11,75
flower,-291.7,-442.84,0,1.32,172
flower,-292.88,-441.54,0,1.2,223
flower,-287.32,-441.29,0,1.14,267
flower,-287.77,-441.32,0,0.97,265
flower,-287.29,-441.39,0,1.25,105
flower,-282.07,-439.59,0,1.09,234
flower,-283.29,-441.29,0,0.97,328
flower,-273.69,-441.29,0,1.36,356
flower,-273.62,-441.07,0,1.4,173
flower,-273.43,-440.61,0,1.3,102
flower,-272.09,-439.52,0,1.15,239
flower,-270.83,-440.91,0,0.99,305
flower,-270.74,-441.03,0,1.01,287
flower,-271.08,-439.93,0,1.17,153
flower,-234.46,-439.09,0,1.12,179
flower,-234.15,-441.14,0,1.3,307
flower,-232.81,-441.07,0,1.04,356
flower,-227.12,-441.4,0,1.14,69
flower,-225.12,-440.37,0,1.05,259
flower,-224.85,-441.54,0,1.27,99
flower,-219.8,-440.02,0,1.09,358
flower,-219.71,-439.88,0,1.36,33
flower,-284.7,-437.16,0,0.91,82
flower,-285.99,-437.33,0,1.2,155
flower,-282.6,-438.87,0,1.38,239
flower,-283.57,-438.79,0,0.98,35
flower,-281.86,-439.23,0,1.22,323
flower,-283.26,-440.99,0,1.17,337
flower,-279.04,-439.31,0,1.3,36
flower,-277.36,-437.08,0,1.12,332
flower,-273.94,-439.66,0,1.11,252
flower,-275.22,-437.31,0,1.2,236
flower,-274.61,-439.73,0,1.25,357
flower,-275.24,-437.98,0,1.07,326
flower,-271.25,-438.25,0,1.23,130
flower,-271.78,-438.56,0,1.36,254
flower,-273.64,-438.95,0,1.21,73
flower,-272.3,-440.79,0,0.97,287
flower,-236.89,-438.24,0,1.15,316
flower,-237.25,-437.84,0,1.37,221
flower,-235.16,-438.53,0,1.07,87
flower,-236.0,-439.8,0,1.15,275
flower,-233.53,-440.61,0,1.13,140
flower,-230.15,-439.32,0,0.96,146
flower,-228.4,-438.19,0,1.23,302
flower,-221.55,-437.93,0,0.97,325
flower,-221.41,-438.92,0,0.99,84
flower,-219.8,-439.21,0,0.91,359
flower,-216.0,-437.9,0,1.3,231
flower,-214.23,-438.88,0,1.11,216
flower,-215.02,-437.2,0,0.92,89
flower,-210.57,-438.41,0,1.36,255
flower,-211.67,-438.73,0,1.14,198
flower,-211.49,-437.56,0,1.28,263
flower,-209.79,-437.52,0,1.02,209
flower,-292.12,-435.94,0,1.28,283
flower,-290.01,-434.51,0,1.22,303
flower,-289.13,-433.96,0,0.97,181
flower,-289.59,-435.93,0,0.92,332
flower,-289.9,-435.55,0,1.16,127
flower,-287.69,-433.61,0,1.08,60
flower,-283.19,-435.43,0,1.04,9
flower,-283.32,-435.98,0,1.0,75
flower,-282.64,-435.28,0,1.16,225
flower,-282.48,-437.47,0,1.24,346
flower,-278.92,-434.09,0,1.07,257
flower,-279.6,-436.86,0,1.09,132
flower,-280.77,-434.56,0,0.97,248
flower,-279.64,-436.8,0,1.16,75
flower,-275.7,-437.92,0,1.23,106
flower,-275.81,-435.46,0,1.0,335
flower,-276.94,-436.8,0,1.06,27
flower,-276.63,-435.4,0,1.25,87
flower,-275.34,-435.48,0,1.18,265
flower,-275.47,-434.9,0,0.91,273
flower,-275.98,-433.7,0,0.98,101
flower,-273.28,-434.07,0,1.37,359
flower,-240.03,-438.34,0,1.35,316
flower,-241.84,-436.58,0,1.24,128
flower,-240.19,-436.13,0,1.13,239
flower,-242.06,-438.46,0,1.05,49
flower,-237.69,-434.73,0,1.13,309
flower,-236.24,-435.77,0,1.2,273
flower,-237.56,-433.74,0,1.29,288
flower,-235.63,-433.36,0,1.4,11
flower,-235.73,-433.65,0,0.94,208
flower,-235.49,-433.58,0,0.95,17
flower,-230.69,-434.76,0,1.05,81
flower,-230.29,-434.38,0,0.98,38
flower,-222.2,-434.3,0,0.95,71
flower,-221.31,-433.32,0,0.97,341
flower,-221.08,-435.37,0,1.03,124
flower,-219.89,-434.96,0,1.04,30
flower,-218.81,-437.42,0,1.02,314
flower,-220.15,-436.23,0,0.95,230
flower,-214.36,-436.82,0,0.99,167
flower,-212.67,-438.2,0,1.14,251
flower,-213.89,-438.27,0,0.94,224
flower,-288.58,-432.03,0,1.1,53
flower,-287.89,-434.41,0,1.1,30
flower,-286.56,-432.47,0,1.16,231
flower,-285.56,-430.67,0,1.28,35
flower,-282.26,-433.24,0,1.35,59
flower,-283.12,-433.83,0,1.06,278
flower,-281.7,-432.66,0,1.15,268
flower,-281.43,-431.33,0,1.15,200
flower,-277.32,-435.31,0,1.35,40
flower,-279.09,-433.52,0,1.33,262
flower,-249.13,-433.31,0,1.21,159
flower,-249.22,-434.72,0,1.18,292
flower,-247.08,-433.74,0,1.19,277
flower,-248.89,-434.07,0,1.19,3
flower,-247.42,-433.48,0,1.06,272
flower,-248.29,-432.99,0,1.09,291
flower,-240.86,-434.34,0,1.11,81
flower,-242.94,-433.4,0,1.16,265
flower,-240.59,-431.25,0,0.99,352
flower,-240.71,-431.09,0,0.91,65
flower,-241.01,-430.52,0,1.3,79
flower,-236.31,-431.3,0,0.95,98
flower,-235.92,-432.04,0,1.28,54
flower,-234.56,-431.62,0,1.01,315
flower,-234.07,-432.41,0,1.31,152
flower,-228.39,-431.88,0,1.27,243
flower,-227.88,-432.11,0,0.95,306
flower,-228.64,-433.03,0,1.22,275
flower,-229.29,-432.25,0,1.33,357
flower,-227.5,-431.43,0,1.11,16
flower,-228.33,-431.6,0,1.01,340
flower,-217.98,-431.59,0,1.01,83
flower,-218.15,-432.87,0,1.01,201
flower,-216.92,-432.93,0,1.26,250
flower,-213.41,-433.53,0,1.12,274
flower,-213.61,-432.92,0,1.25,133
flower,-212.87,-433.26,0,0.94,315
flower,-205.73,-434.24,0,1.28,313
flower,-204.7,-432.46,0,1.36,74
flower,-248.05,-429.52,0,1.26,271
flower,-247.75,-428.17,0,0.93,111
flower,-247.8,-429.36,0,1.12,129
flower,-242.25,-430.08,0,1.22,223
flower,-242.36,-429.5,0,1.16,41
flower,-243.48,-430.51,0,0.91,261
flower,-241.22,-431.36,0,1.22,94
flower,-240.88,-431.72,0,1.06,188
flower,-239.82,-430.39,0,0.94,47
flower,-240.92,-431.33,0,0.97,78
flower,-235.74,-429.76,0,0.92,135
flower,-237.35,-428.4,0,1.32,336
flower,-232.52,-429.03,0,1.09,136
flower,-230.7,-429.95,0,1.01,330
flower,-224.46,-430.08,0,1.25,148
flower,-223.67,-431.46,0,1.22,95
flower,-224.27,-430.58,0,1.34,130
flower,-225.74,-429.03,0,1.07,81
flower,-223.77,-428.98,0,1.35,121
flower,-223.48,-430.27,0,0.94,207
flower,-224.04,-429.22,0,1.27,223
flower,-223.31,-428.36,0,1.16,169
flower,-220.61,-428.02,0,1.31,286
flower,-221.06,-428.49,0,1.37,149
flower,-217.66,-429.76,0,0.96,237
flower,-215.23,-430.67,0,1.23,96
flower,-217.62,-428.98,0,0.92,174
flower,-215.45,-428.98,0,1.27,88
flower,-214.42,-430.81,0,0.95,269
flower,-214.52,-430.83,0,1.21,343
flower,-212.82,-430.61,0,1.12,20
flower,-205.44,-430.76,0,1.26,113
flower,-204.59,-430.02,0,0.94,233
flower,-205.53,-432.37,0,1.18,196
flower,-203.47,-430.46,0,1.19,106
flower,-203.52,-428.84,0,1.0,301
flower,-205.1,-429.16,0,1.21,289
flower,-271.64,-427.24,0,0.93,212
flower,-272.69,-425.43,0,1.06,210
flower,-271.36,-427.17,0,1.32,149
flower,-270.29,-426.1,0,1.36,14
flower,-246.44,-427.02,0,0.98,339
flower,-245.22,-426.67,0,1.0,73
flower,-246.41,-426.84,0,1.02,263
flower,-246.53,-427.12,0,1.26,259
flower,-241.57,-426.13,0,1.0,314
flower,-244.04,-425.47,0,0.95,193
flower,-242.17,-426.74,0,1.31,19
flower,-241.54,-426.64,0,1.23,183
flower,-242.3,-426.69,0,1.01,83
flower,-242.29,-426.56,0,1.05,84
flower,-238.23,-428.27,0,1.19,304
flower,-237.49,-429.21,0,0.92,221
flower,-236.75,-426.72,0,1.05,329
flower,-237.23,-427.51,0,0.91,74
flower,-232.91,-428.36,0,1.39,338
flower,-232.3,-427.38,0,1.06,271
flower,-232.24,-425.98,0,1.09,120
flower,-233.39,-427.52,0,1.14,331
flower,-225.98,-427.76,0,1.32,241
flower,-225.79,-426.68,0,0.93,144
flower,-224.78,-427.09,0,1.22,175
flower,-226.84,-428.42,0,1.14,263
flower,-223.41,-428.07,0,1.12,359
flower,-221.91,-427.25,0,1.24,33
flower,-219.54,-425.53,0,1.17,278
flower,-220.62,-427.36,0,1.09,161
flower,-215.53,-427.27,0,1.25,251
flower,-216.05,-427.46,0,1.0,195
flower,-211.71,-426.65,0,0.92,236
flower,-210.87,-426.53,0,1.07,219
flower,-212.03,-426.4,0,1.23,63
flower,-212.07,-428.59,0,1.27,142
flower,-203.52,-427.24,0,1.21,339
flower,-202.23,-426.36,0,1.02,165
flower,-204.6,-426.93,0,0.9,115
flower,-204.3,-426.37,0,0.94,41
flower,-272.52,-426.15,0,1.4,186
flower,-272.61,-426.62,0,1.34,248
flower,-265.89,-425.86,0,1.09,44
flower,-266.69,-425.66,0,1.13,46
flower,-265.53,-426.17,0,0.94,346
flower,-264.58,-425.23,0,1.21,50
flower,-258.93,-425.86,0,1.3,210
flower,-259.52,-425.81,0,1.11,348
flower,-259.72,-425.07,0,1.21,265
flower,-241.24,-422.93,0,1.02,129
flower,-241.27,-423.32,0,1.14,351
flower,-237.54,-423.01,0,1.03,235
flower,-236.69,-424.82,0,1.06,292
flower,-236.45,-423.9,0,1.17,33
flower,-234.94,-425.08,0,1.15,183
flower,-234.73,-425.09,0,1.18,350
flower,-233.2,-422.22,0,1.39,122
flower,-231.8,-422.61,0,1.36,206
flower,-222.44,-422.59,0,1.0,61
flower,-222.45,-422.56,0,1.03,181
flower,-219.46,-426.24,0,1.03,240
flower,-218.26,-425.98,0,1.25,60
flower,-219.08,-424.33,0,1.01,67
flower,-218.84,-424.91,0,1.04,25
flower,-213.24,-424.92,0,1.34,27
flower,-214.94,-423.0,0,0.92,156
flower,-215.73,-423.02,0,1.05,244
flower,-213.77,-422.76,0,1.37,316
flower,-214.02,-422.74,0,1.11,247
flower,-214.51,-422.81,0,1.27,237
flower,-214.0,-424.6,0,1.01,63
flower,-210.23,-425.59,0,0.94,254
flower,-209.95,-425.04,0,1.14,335
flower,-210.27,-423.48,0,1.17,358
flower,-209.08,-424.48,0,1.4,320
flower,-207.0,-423.25,0,0.92,313
flower,-205.98,-423.23,0,1.12,93
flower,-279.07,-423.44,0,1.22,108
flower,-278.75,-422.32,0,1.34,203
flower,-279.19,-423.02,0,1.13,111
flower,-275.17,-423.37,0,0.9,341
flower,-275.39,-423.11,0,1.13,60
flower,-274.96,-422.7,0,0.91,207
flower,-268.35,-422.84,0,1.1,189
flower,-270.0,-422.58,0,1.39,292
flower,-269.52,-423.72,0,1.01,172
flower,-269.23,-423.69,0,1.38,215
flower,-266.48,-423.38,0,1.34,115
flower,-265.62,-423.9,0,1.37,26
flower,-264.3,-423.75,0,1.32,158
flower,-266.49,-423.45,0,0.97,288
flower,-261.04,-422.04,0,1.04,194
flower,-263.2,-422.81,0,1.28,288
flower,-263.59,-421.68,0,0.91,7
flower,-261.39,-422.27,0,1.01,219
flower,-246.56,-420.11,0,1.02,164
flower,-245.0,-421.02,0,0.92,318
flower,-244.5,-419.68,0,1.07,172
flower,-238.08,-421.08,0,1.15,298
flower,-238.51,-419.69,0,1.12,330
flower,-236.39,-421.49,0,1.37,277
flower,-237.33,-421.37,0,1.2,141
flower,-237.35,-422.0,0,0.91,109
flower,-233.61,-422.31,0,0.96,242
flower,-234.37,-421.9,0,1.32,221
flower,-232.07,-423.56,0,1.24,91
flower,-233.03,-422.44,0,1.2,308
flower,-227.58,-421.33,0,1.0,213
flower,-226.55,-421.72,0,1.16,354
flower,-227.48,-420.4,0,0.91,32
flower,-224.18,-422.11,0,1.09,216
flower,-223.75,-420.63,0,1.18,315
flower,-220.02,-422.99,0,1.0,331
flower,-218.98,-420.43,0,1.11,7
flower,-220.39,-422.88,0,1.26,94
flower,-218.58,-421.8,0,0.95,127
flower,-215.99,-421.23,0,0.99,100
flower,-218.29,-421.16,0,1.07,245
flower,-216.41,-422.59,0,1.1,87
flower,-206.48,-422.68,0,1.05,119
flower,-206.96,-422.02,0,0.96,234
flower,-208.31,-421.83,0,1.19,159
flower,-207.17,-422.04,0,1.15,35
flower,-204.68,-421.76,0,0.92,1
flower,-205.82,-422.38,0,0.96,359
flower,-205.08,-421.75,0,1.13,78
flower,-281.78,-419.41,0,1.19,227
flower,-281.72,-420.22,0,1.31,249
flower,-283.08,-419.05,0,1.33,260
flower,-283.41,-418.43,0,1.0,140
flower,-280.34,-418.13,0,1.34,233
flower,-279.37,-418.59,0,1.31,45
flower,-281.56,-419.11,0,1.22,58
flower,-274.87,-418.33,0,0.91,155
flower,-275.81,-419.2,0,1.17,330
flower,-276.57,-418.86,0,1.28,299
flower,-274.05,-417.78,0,1.35,241
flower,-272.57,-419.39,0,1.37,178
flower,-274.22,-420.42,0,0.91,221
flower,-246.41,-420.0,0,1.1,111
flower,-245.73,-420.09,0,1.31,192
flower,-246.29,-418.5,0,0.9,129
flower,-245.53,-419.83,0,1.09,295
flower,-239.92,-421.65,0,1.25,115
flower,-239.77,-419.09,0,1.06,340
flower,-240.07,-420.52,0,1.4,224
flower,-239.24,-420.12,0,1.24,156
flower,-229.99,-417.61,0,1.13,177
flower,-230.18,-419.91,0,1.22,220
flower,-229.99,-419.89,0,1.08,235
flower,-230.43,-418.9,0,1.1,25
flower,-218.27,-418.28,0,1.37,291
flower,-219.18,-418.19,0,1.13,302
flower,-218.51,-419.74,0,0.98,268
flower,-208.59,-419.12,0,1.4,119
flower,-207.85,-419.72,0,0.98,353
flower,-209.28,-419.38,0,1.04,231
flower,-202.32,-419.5,0,1.02,334
flower,-201.21,-418.88,0,1.07,241
flower,-200.96,-419.61,0,1.11,142
flower,-199.64,-416.81,0,1.36,293
flower,-199.2,-416.79,0,1.2,21
flower,-279.37,-417.74,0,1.39,308
flower,-281.44,-416.32,0,1.14,175
flower,-279.91,-417.94,0,1.3,260
flower,-281.18,-418.09,0,1.27,180
flower,-277.94,-414.3,0,1.0,146
flower,-277.95,-415.19,0,1.17,181
flower,-273.8,-416.75,0,1.17,182
flower,-272.41,-417.54,0,1.39,149
flower,-265.14,-417.12,0,1.2,23
flower,-264.06,-418.37,0,1.06,349
flower,-263.42,-417.19,0,1.0,351
flower,-265.09,-419.07,0,1.08,271
flower,-253.98,-418.15,0,1.07,251
flower,-252.56,-416.8,0,1.26,315
flower,-253.77,-416.51,0,1.05,28
flower,-251.76,-416.43,0,1.18,21
flower,-250.35,-417.23,0,0.99,311
flower,-248.84,-417.19,0,0.94,243
flower,-241.61,-417.35,0,1.36,282
flower,-242.42,-414.83,0,1.06,206
flower,-243.35,-415.42,0,1.28,327
flower,-235.38,-416.16,0,1.09,52
flower,-237.17,-416.65,0,0.94,175
flower,-236.62,-416.92,0,1.38,289
flower,-233.44,-415.44,0,1.3,246
flower,-235.29,-416.4,0,1.02,89
flower,-233.83,-414.9,0,1.03,98
flower,-226.91,-416.29,0,1.32,97
flower,-229.22,-415.86,0,1.05,62
flower,-228.23,-414.81,0,1.32,85
flower,-228.16,-415.8,0,1.36,223
flower,-224.29,-417.42,0,0.95,72
flower,-223.84,-418.71,0,1.39,307
flower,-215.77,-416.39,0,1.33,295
flower,-215.47,-416.26,0,0.95,52
flower,-214.2,-414.13,0,0.97,165
flower,-214.81,-415.57,0,1.17,188
flower,-211.06,-415.03,0,1.34,235
flower,-210.36,-415.36,0,1.05,105
flower,-207.72,-415.47,0,1.39,2
flower,-208.67,-414.19,0,1.39,88
flower,-209.11,-414.39,0,1.38,131
flower,-204.09,-413.78,0,1.31,205
flower,-204.82,-415.27,0,1.04,350
flower,-205.38,-416.44,0,1.37,79
flower,-198.69,-417.06,0,1.36,57
flower,-197.98,-414.99,0,1.26,135
flower,-196.78,-416.34,0,1.36,14
flower,-197.76,-416.93,0,1.21,71
flower,-195.9,-416.8,0,1.1,136
flower,-194.76,-414.78,0,1.11,316
flower,-262.88,-412.86,0,1.02,197
flower,-264.48,-414.01,0,1.39,153
flower,-253.0,-413.68,0,1.19,290
flower,-252.05,-413.77,0,1.26,237
flower,-251.88,-414.91,0,0.93,68
flower,-254.46,-415.33,0,0.92,234
flower,-251.48,-411.75,0,1.29,349
flower,-250.97,-412.43,0,1.15,249
flower,-250.05,-412.11,0,1.05,231
flower,-246.18,-414.73,0,0.99,307
flower,-245.15,-416.21,0,1.13,32
flower,-244.87,-415.87,0,1.02,300
flower,-242.75,-412.84,0,1.06,284
flower,-242.75,-411.92,0,1.23,216
flower,-242.63,-411.89,0,1.19,105
flower,-238.8,-413.59,0,1.24,246
flower,-238.54,-414.9,0,1.1,21
flower,-237.66,-414.33,0,1.08,244
flower,-233.65,-413.64,0,1.13,218
flower,-233.76,-413.48,0,1.11,230
flower,-230.98,-413.73,0,0.96,8
flower,-232.45,-414.82,0,1.26,241
flower,-227.36,-412.37,0,1.21,221
flower,-225.9,-413.76,0,0.9,309
flower,-225.07,-413.83,0,1.33,173
flower,-225.71,-413.4,0,1.14,270
flower,-220.3,-411.93,0,1.24,63
flower,-220.5,-411.83,0,1.24,108
flower,-214.43,-414.49,0,1.15,326
flower,-215.49,-415.14,0,1.11,160
flower,-215.72,-415.93,0,1.22,0
flower,-213.33,-412.76,0,1.13,229
flower,-214.05,-412.94,0,1.33,324
flower,-214.41,-412.81,0,1.3,122
flower,-214.45,-414.04,0,1.35,121
flower,-204.82,-411.73,0,1.39,133
flower,-204.84,-413.99,0,0.94,296
flower,-206.74,-413.14,0,1.13,189
flower,-204.16,-414.14,0,1.32,17
flower,-205.01,-413.73,0,0.93,326
flower,-202.01,-415.23,0,1.14,126
flower,-200.99,-415.38,0,1.25,36
flower,-201.68,-413.92,0,1.37,85
flower,-201.09,-414.09,0,0.93,12
flower,-195.86,-412.51,0,1.37,71
flower,-195.79,-413.7,0,1.18,280
flower,-194.87,-413.05,0,1.12,6
flower,-194.62,-413.67,0,1.03,143
flower,-194.19,-415.24,0,1.13,170
flower,-193.6,-415.51,0,1.21,203
flower,-256.18,-411.94,0,1.04,325
flower,-256.31,-410.68,0,1.34,126
flower,-255.44,-412.22,0,1.26,177
flower,-255.98,-411.85,0,0.92,276
flower,-248.64,-409.55,0,1.3,53
flower,-246.79,-411.28,0,1.37,325
flower,-246.13,-410.21,0,1.13,304
flower,-246.13,-409.43,0,1.32,75
flower,-247.65,-408.73,0,1.05,91
flower,-246.4,-410.71,0,1.02,187
flower,-241.9,-411.24,0,1.26,305
flower,-242.01,-412.98,0,1.01,32
flower,-242.52,-411.98,0,1.32,226
flower,-237.53,-409.18,0,1.16,218
flower,-236.8,-409.89,0,1.33,128
flower,-236.18,-409.65,0,1.07,106
flower,-227.86,-410.59,0,1.17,278
flower,-227.65,-412.54,0,0.98,21
flower,-227.12,-412.13,0,1.19,210
flower,-220.62,-411.02,0,1.06,159
flower,-221.68,-411.45,0,1.27,242
flower,-220.04,-410.35,0,1.03,109
flower,-218.73,-410.64,0,1.21,50
flower,-219.67,-412.3,0,1.03,143
flower,-219.8,-410.9,0,1.19,111
flower,-205.72,-412.51,0,1.26,265
flower,-205.03,-410.4,0,1.24,268
flower,-205.83,-411.09,0,0.97,216
flower,-203.65,-411.39,0,1.12,282
flower,-197.28,-410.99,0,1.14,286
flower,-195.68,-410.59,0,0.94,42
flower,-195.14,-410.34,0,1.26,147
flower,-194.77,-413.03,0,1.18,317
flower,-265.36,-406.06,0,1.04,235
flower,-266.3,-407.39,0,1.05,249
flower,-265.75,-405.71,0,1.35,122
flower,-250.22,-409.02,0,1.0,15
flower,-250.12,-408.22,0,1.27,187
flower,-250.74,-406.81,0,1.24,275
flower,-250.63,-407.93,0,1.34,82
flower,-248.16,-409.64,0,1.21,23
flower,-245.84,-408.83,0,1.02,182
flower,-232.02,-409.31,0,1.28,342
flower,-231.47,-408.78,0,1.02,197
flower,-232.48,-408.58,0,1.16,114
flower,-232.08,-409.2,0,0.93,175
flower,-225.89,-407.68,0,1.39,1
flower,-226.85,-407.45,0,1.27,260
flower,-221.35,-408.38,0,1.05,344
flower,-221.33,-408.05,0,1.13,163
flower,-221.21,-408.48,0,0.98,305
flower,-218.31,-409.26,0,1.04,347
flower,-219.72,-409.95,0,1.05,85
flower,-218.73,-409.57,0,1.3,162
flower,-214.19,-407.02,0,1.34,353
flower,-213.74,-407.45,0,1.06,210
flower,-212.33,-406.86,0,1.36,91
flower,-209.55,-407.92,0,1.19,6
flower,-209.51,-406.97,0,1.2,348
flower,-210.41,-407.24,0,0.94,78
flower,-210.73,-408.27,0,1.33,337
flower,-203.0,-406.17,0,1.32,252
flower,-202.73,-407.45,0,1.17,168
flower,-201.8,-408.58,0,1.2,152
flower,-201.34,-408.37,0,1.14,269
flower,-199.88,-406.65,0,1.36,113
flower,-255.0,-406.73,0,1.32,207
flower,-254.68,-405.96,0,1.17,271
flower,-254.11,-405.97,0,0.96,257
flower,-253.44,-404.23,0,1.05,168
flower,-253.92,-405.81,0,1.04,179
flower,-248.4,-403.02,0,0.93,134
flower,-247.36,-404.26,0,0.92,175
flower,-246.22,-405.29,0,1.02,177
flower,-248.73,-404.77,0,1.17,287
flower,-248.53,-405.89,0,1.15,251
flower,-246.66,-405.19,0,1.35,83
flower,-242.7,-405.54,0,1.16,193
flower,-242.32,-406.42,0,1.03,216
flower,-239.29,-404.78,0,1.33,240
flower,-239.87,-406.59,0,1.37,2
flower,-239.38,-407.45,0,1.19,231
flower,-241.13,-405.08,0,0.95,266
flower,-235.23,-406.81,0,1.31,88
flower,-236.15,-407.11,0,1.02,258
flower,-230.92,-404.83,0,1.33,158
flower,-229.98,-405.05,0,1.06,81
flower,-230.92,-404.54,0,1.06,308
flower,-226.98,-404.9,0,1.08,30
flower,-226.62,-404.72,0,0.96,259
flower,-224.86,-406.16,0,1.03,81
flower,-223.83,-404.8,0,1.15,156
flower,-220.08,-407.28,0,1.15,329
flower,-218.84,-405.68,0,0.95,133
flower,-219.12,-406.75,0,1.05,304
flower,-220.28,-407.15,0,1.15,110
flower,-209.24,-405.64,0,1.14,163
flower,-209.42,-407.25,0,1.38,261
flower,-209.91,-406.43,0,0.9,62
flower,-208.87,-405.94,0,1.21,259
flower,-206.27,-407.18,0,1.29,77
flower,-205.69,-404.88,0,1.01,3
flower,-205.67,-404.65,0,1.24,65
flower,-203.81,-404.68,0,1.17,177
flower,-201.1,-403.01,0,1.24,303
flower,-202.0,-403.32,0,1.17,212
flower,-202.56,-403.56,0,1.31,198
flower,-197.75,-406.47,0,1.0,340
flower,-198.72,-405.38,0,1.38,167
flower,-199.93,-406.7,0,1.27,32
flower,-252.62,-401.76,0,1.23,160
flower,-250.39,-400.56,0,1.06,303
flower,-252.9,-400.3,0,1.25,34
flower,-250.59,-400.9,0,0.91,176
flower,-247.86,-403.06,0,1.18,55
flower,-248.28,-401.96,0,1.25,277
flower,-248.9,-403.65,0,1.08,90
flower,-249.01,-403.32,0,1.36,14
flower,-245.41,-404.62,0,0.98,160
flower,-244.77,-404.58,0,0.95,208
flower,-244.43,-403.66,0,0.91,159
flower,-243.73,-404.04,0,0.95,187
flower,-239.66,-403.5,0,1.34,164
flower,-241.32,-403.14,0,1.39,91
flower,-234.76,-403.07,0,1.2,28
flower,-235.53,-402.4,0,1.02,247
flower,-234.81,-401.32,0,1.2,219
flower,-234.97,-402.98,0,0.95,244
flower,-229.2,-401.11,0,0.94,291
flower,-228.99,-400.37,0,1.26,64
flower,-230.47,-402.24,0,1.03,338
flower,-225.06,-400.57,0,1.1,215
flower,-224.08,-401.46,0,1.1,184
flower,-223.16,-401.04,0,0.91,60
flower,-223.36,-399.83,0,1.3,175
flower,-223.79,-402.06,0,0.92,170
flower,-222.08,-401.58,0,0.92,2
flower,-218.11,-401.04,0,1.18,250
flower,-220.1,-401.47,0,1.01,211
flower,-215.68,-401.9,0,1.23,266
flower,-216.18,-400.82,0,1.04,23
flower,-216.32,-399.96,0,1.25,337
flower,-212.17,-403.09,0,1.14,221
flower,-213.3,-403.52,0,1.22,93
flower,-211.27,-403.14,0,0.9,4
flower,-202.24,-401.85,0,1.03,260
flower,-201.44,-400.06,0,1.21,321
flower,-201.68,-402.22,0,1.31,356
flower,-202.3,-402.2,0,1.17,127
flower,-200.51,-404.29,0,1.32,124
flower,-202.14,-402.11,0,1.38,219
flower,-200.7,-403.43,0,1.04,202
flower,-201.87,-401.71,0,1.2,299
flower,-251.07,-399.19,0,1.2,306
flower,-250.03,-397.14,0,1.06,222
flower,-250.68,-397.69,0,1.15,71
flower,-245.61,-397.91,0,0.92,138
flower,-246.93,-397.93,0,0.96,71
flower,-248.04,-397.86,0,1.3,33
flower,-248.14,-398.28,0,1.08,103
flower,-243.17,-398.59,0,1.0,198
flower,-242.03,-399.11,0,0.94,329
flower,-240.05,-399.89,0,1.09,67
flower,-241.31,-398.62,0,1.02,97
flower,-242.03,-399.76,0,0.99,99
flower,-239.58,-398.56,0,0.93,20
flower,-235.1,-400.85,0,1.3,114
flower,-236.84,-401.05,0,0.91,336
flower,-236.39,-400.64,0,1.01,171
flower,-236.27,-400.85,0,1.37,230
flower,-235.41,-401.02,0,1.04,11
flower,-234.83,-400.56,0,0.92,142
flower,-234.72,-399.64,0,0.95,50
flower,-227.47,-400.18,0,1.23,1
flower,-227.86,-401.73,0,1.36,347
flower,-225.63,-400.71,0,0.97,33
flower,-228.0,-402.18,0,1.09,46
flower,-224.42,-399.38,0,1.32,237
flower,-224.82,-399.66,0,0.98,241
flower,-224.17,-398.9,0,0.93,220
flower,-219.52,-398.37,0,0.98,59
flower,-219.9,-398.41,0,1.33,281
flower,-218.8,-399.57,0,1.01,32
flower,-217.33,-400.52,0,1.26,50
flower,-217.32,-402.09,0,1.17,155
flower,-215.43,-401.46,0,1.16,160
flower,-209.66,-399.5,0,1.07,257
flower,-211.11,-398.34,0,1.34,270
flower,-204.67,-400.86,0,1.22,248
flower,-204.15,-401.65,0,0.94,97
flower,-258.2,-397.73,0,1.03,88
flower,-258.86,-397.93,0,1.22,135
flower,-257.33,-397.25,0,0.96,262
flower,-257.32,-396.59,0,1.37,47
flower,-255.23,-394.92,0,1.2,136
flower,-255.41,-395.1,0,0.98,173
flower,-254.81,-396.61,0,1.22,353
flower,-255.69,-395.34,0,0.95,314
flower,-251.24,-396.94,0,1.09,344
flower,-251.57,-395.55,0,0.94,177
flower,-251.44,-397.93,0,1.02,24
flower,-244.83,-396.77,0,1.12,90
flower,-243.47,-398.34,0,1.32,57
flower,-239.93,-396.34,0,1.23,283
flower,-241.6,-397.1,0,1.24,73
flower,-240.18,-397.77,0,1.2,241
flower,-241.84,-397.71,0,1.12,210
flower,-233.17,-397.01,0,1.19,136
flower,-233.03,-397.42,0,1.02,245
flower,-233.44,-397.12,0,1.12,234
flower,-231.77,-398.05,0,0.91,230
flower,-230.37,-397.11,0,1.14,302
flower,-231.96,-398.41,0,0.98,211
flower,-229.64,-396.66,0,0.94,245
flower,-230.26,-397.23,0,1.02,64
flower,-228.77,-397.61,0,1.31,293
flower,-228.24,-398.48,0,1.24,62
flower,-226.5,-395.71,0,1.26,61
flower,-225.92,-397.01,0,1.37,89
flower,-225.03,-396.93,0,1.28,157
flower,-219.9,-396.75,0,1.01,300
flower,-220.61,-396.59,0,0.97,108
flower,-219.99,-397.04,0,1.23,209
flower,-219.53,-398.58,0,0.91,32
flower,-214.65,-397.71,0,1.38,30
flower,-215.5,-397.18,0,1.06,273
flower,-215.42,-398.94,0,1.32,167
flower,-215.13,-398.7,0,1.07,171
flower,-209.97,-398.12,0,1.26,334
flower,-210.63,-398.06,0,0.9,8
flower,-206.15,-395.11,0,1.13,294
flower,-207.28,-397.07,0,1.2,40
flower,-208.31,-397.1,0,1.38,111
flower,-206.99,-395.13,0,1.32,92
flower,-202.73,-396.58,0,1.14,59
flower,-202.92,-398.0,0,1.36,42
flower,-165.86,-394.71,0,1.0,341
flower,-164.0,-395.24,0,1.12,6
flower,-162.66,-396.58,0,1.31,191
flower,-162.3,-396.54,0,1.29,306
flower,-161.61,-395.52,0,0.97,306
flower,-160.75,-395.54,0,0.9,168
flower,-159.02,-398.37,0,0.93,332
flower,-159.54,-397.11,0,1.02,26
flower,-159.69,-398.0,0,1.06,234
flower,-149.4,-395.73,0,1.11,328
flower,-150.54,-397.05,0,1.17,75
flower,-258.72,-394.87,0,1.35,9
flower,-259.61,-395.29,0,1.02,213
flower,-259.82,-395.01,0,1.35,33
flower,-256.65,-395.63,0,0.93,263
flower,-256.54,-395.36,0,1.14,140
flower,-251.92,-393.59,0,1.0,259
flower,-251.4,-394.85,0,1.15,109
flower,-250.42,-394.55,0,1.22,310
flower,-251.31,-396.37,0,1.36,71
flower,-251.81,-395.82,0,0.91,282
flower,-249.83,-396.39,0,1.12,59
flower,-246.14,-394.5,0,1.11,339
flower,-245.57,-394.98,0,1.13,304
flower,-243.77,-394.54,0,1.37,76
flower,-241.91,-392.18,0,1.26,54
flower,-243.43,-393.42,0,1.03,17
flower,-242.26,-393.76,0,1.31,77
flower,-237.61,-393.42,0,0.99,320
flower,-236.96,-395.01,0,1.29,164
flower,-235.61,-393.64,0,1.02,267
flower,-238.01,-393.27,0,1.03,344
flower,-231.6,-392.96,0,1.38,244
flower,-232.57,-393.4,0,1.11,264
flower,-233.93,-393.57,0,1.21,215
flower,-231.64,-393.19,0,1.2,322
flower,-230.53,-395.59,0,1.36,316
flower,-230.15,-394.39,0,1.18,162
flower,-231.12,-395.59,0,1.39,349
flower,-229.76,-395.71,0,1.2,156
flower,-222.76,-391.77,0,1.25,70
flower,-224.27,-391.73,0,1.25,249
flower,-218.02,-395.81,0,0.97,177
flower,-219.07,-394.73,0,1.16,34
flower,-214.02,-394.87,0,1.05,41
flower,-214.12,-395.57,0,1.36,115
flower,-210.2,-392.44,0,1.07,352
flower,-208.38,-392.95,0,1.21,109
flower,-207.84,-392.28,0,1.29,310
flower,-208.58,-392.27,0,1.01,284
flower,-205.85,-392.0,0,1.05,320
flower,-204.12,-392.39,0,1.11,87
flower,-205.36,-393.17,0,0.98,115
flower,-205.46,-393.59,0,1.21,294
flower,-161.96,-394.99,0,1.32,253
flower,-161.8,-396.18,0,1.28,207
flower,-159.21,-395.56,0,0.94,357
flower,-159.44,-396.0,0,0.93,178
flower,-159.66,-394.33,0,1.28,218
flower,-159.92,-395.72,0,1.28,173
flower,-157.18,-393.36,0,1.3,76
flower,-158.82,-393.89,0,1.0,261
flower,-158.42,-395.61,0,1.38,129
flower,-158.69,-395.37,0,1.0,33
flower,-256.93,-392.73,0,0.99,40
flower,-258.56,-392.71,0,1.3,234
flower,-257.69,-392.06,0,1.28,273
flower,-255.82,-392.13,0,1.22,221
flower,-255.04,-392.24,0,1.28,316
flower,-254.9,-391.64,0,1.38,118
flower,-256.25,-392.96,0,1.12,36
flower,-250.54,-390.81,0,1.18,6
flower,-249.95,-392.33,0,1.19,38
flower,-252.03,-391.86,0,1.38,151
flower,-250.43,-393.02,0,1.3,206
flower,-248.67,-391.95,0,1.37,157
flower,-249.17,-392.27,0,1.37,164
flower,-249.64,-391.09,0,0.98,322
flower,-247.8,-392.16,0,1.36,132
flower,-245.32,-392.79,0,1.23,7
flower,-247.13,-392.64,0,0.96,14
flower,-245.03,-393.01,0,1.3,182
flower,-245.32,-393.29,0,1.18,286
flower,-241.98,-391.83,0,1.14,184
flower,-241.66,-392.19,0,1.29,213
flower,-242.34,-391.28,0,1.18,240
flower,-241.81,-390.62,0,1.06,306
flower,-231.53,-392.62,0,1.38,175
flower,-231.21,-391.48,0,0.93,48
flower,-231.23,-391.33,0,1.18,89
flower,-228.81,-391.92,0,1.25,93
flower,-228.43,-392.26,0,1.28,64
flower,-225.27,-392.35,0,1.4,237
flower,-225.5,-391.19,0,0.92,133
flower,-224.65,-391.68,0,1.26,110
flower,-220.98,-390.59,0,1.34,41
flower,-221.65,-391.2,0,1.15,174
flower,-219.22,-392.44,0,1.18,317
flower,-218.73,-391.19,0,1.2,196
flower,-219.81,-391.77,0,0.98,264
flower,-220.11,-391.32,0,1.17,272
flower,-216.21,-388.92,0,0.92,338
flower,-216.38,-390.23,0,1.1,211
flower,-217.39,-390.89,0,0.95,157
flower,-215.69,-390.86,0,1.07,286
flower,-208.66,-391.67,0,0.99,181
flower,-210.46,-391.5,0,1.36,3
flower,-210.02,-390.64,0,0.97,119
flower,-208.69,-388.81,0,1.34,8
flower,-207.84,-390.16,0,1.27,341
flower,-207.46,-389.41,0,0.93,187
flower,-206.93,-390.53,0,0.97,213
flower,-200.28,-391.41,0,0.95,88
flower,-201.99,-391.09,0,0.94,187
flower,-168.44,-391.87,0,0.97,277
flower,-168.6,-391.67,0,1.01,328
flower,-168.53,-389.51,0,1.35,95
flower,-169.17,-391.22,0,1.02,156
flower,-164.17,-391.24,0,0.9,171
flower,-164.42,-391.21,0,1.25,24
flower,-164.35,-391.11,0,1.16,186
flower,-162.35,-392.01,0,0.97,193
flower,-156.95,-391.62,0,0.91,170
flower,-157.89,-392.71,0,1.15,310
flower,-156.62,-392.06,0,1.35,281
flower,-158.41,-393.27,0,1.06,119
flower,-156.18,-393.24,0,1.13,174
flower,-156.37,-392.32,0,1.31,70
flower,-154.33,-393.23,0,1.3,241
flower,-156.35,-392.94,0,1.16,140
flower,-152.5,-390.04,0,0.93,297
flower,-152.35,-390.67,0,0.97,253
flower,-153.62,-392.25,0,1.3,255
flower,-153.03,-389.88,0,1.0,57
flower,-252.09,-388.76,0,1.01,156
flower,-252.63,-388.28,0,1.05,349
flower,-245.07,-388.08,0,1.2,67
flower,-245.59,-386.93,0,1.35,175
flower,-242.03,-386.98,0,1.4,219
flower,-243.36,-388.66,0,1.01,231
flower,-241.97,-388.62,0,1.01,102
flower,-239.07,-389.01,0,1.19,354
flower,-238.93,-390.82,0,1.04,175
flower,-240.11,-391.29,0,1.38,2
flower,-239.16,-390.82,0,1.19,33
flower,-234.28,-387.56,0,1.13,133
flower,-235.57,-389.14,0,1.08,313
flower,-226.04,-389.85,0,1.39,106
flower,-225.61,-389.74,0,1.17,325
flower,-225.24,-388.32,0,0.9,303
flower,-226.06,-389.25,0,1.18,127
flower,-220.64,-388.97,0,0.91,326
flower,-219.52,-390.51,0,1.2,108
flower,-220.76,-389.02,0,0.91,29
flower,-215.58,-388.49,0,1.3,135
flower,-216.82,-388.81,0,1.16,243
flower,-211.3,-388.07,0,1.29,3
flower,-210.28,-387.93,0,1.24,2
flower,-210.34,-388.9,0,1.31,95
flower,-209.41,-386.74,0,1.19,321
flower,-206.1,-388.03,0,1.02,252
flower,-206.05,-387.91,0,1.01,21
flower,-207.68,-386.09,0,1.37,53
flower,-206.38,-386.45,0,1.02,61
flower,-204.67,-390.4,0,1.22,168
flower,-203.82,-391.03,0,1.37,293
flower,-203.92,-389.03,0,1.25,310
flower,-203.98,-389.89,0,1.25,89
flower,-170.18,-390.3,0,1.21,154
flower,-169.8,-391.21,0,1.3,245
flower,-170.38,-389.65,0,1.29,204
flower,-164.66,-386.66,0,1.38,226
flower,-165.95,-388.45,0,1.19,129
flower,-164.0,-387.59,0,1.24,38
flower,-163.43,-387.25,0,1.35,223
flower,-153.65,-387.89,0,1.09,306
flower,-154.02,-389.81,0,1.33,139
flower,-252.23,-385.58,0,1.0,349
flower,-251.68,-386.25,0,1.08,317
flower,-249.1,-384.26,0,1.1,38
flower,-247.09,-386.23,0,1.26,217
flower,-247.74,-384.89,0,1.27,234
flower,-239.32,-384.94,0,1.09,224
flower,-240.11,-385.65,0,0.96,15
flower,-236.44,-385.67,0,0.97,52
flower,-236.5,-388.05,0,1.34,215
flower,-237.41,-385.66,0,1.31,227
flower,-237.16,-386.97,0,1.33,41
flower,-237.26,-385.74,0,0.94,322
flower,-234.68,-387.16,0,1.19,338
flower,-230.73,-385.24,0,1.04,82
flower,-232.4,-387.24,0,1.29,57
flower,-221.44,-386.1,0,1.37,233
flower,-222.63,-387.44,0,1.35,347
flower,-223.47,-386.08,0,1.07,206
flower,-214.1,-386.78,0,1.02,30
flower,-213.9,-384.84,0,1.18,77
flower,-212.46,-386.9,0,1.31,78
flower,-209.5,-384.54,0,0.9,314
flower,-210.39,-385.84,0,1.33,93
flower,-208.23,-384.55,0,1.2,235
flower,-207.38,-385.67,0,1.13,310
flower,-207.11,-385.92,0,1.14,299
flower,-165.9,-384.63,0,1.37,158
flower,-166.42,-384.97,0,1.27,242
flower,-166.8,-383.84,0,1.37,7
flower,-164.3,-384.41,0,1.18,286
flower,-250.04,-382.51,0,0.94,306
flower,-248.25,-382.12,0,0.95,52
flower,-248.3,-381.92,0,1.28,75
flower,-248.94,-381.32,0,1.17,302
flower,-241.5,-380.93,0,1.33,82
flower,-240.25,-383.47,0,1.3,223
flower,-241.16,-383.14,0,1.25,101
flower,-241.47,-381.39,0,1.24,97
flower,-234.61,-383.75,0,1.23,165
flower,-234.8,-381.67,0,1.3,202
flower,-236.26,-383.17,0,1.19,300
flower,-235.68,-382.03,0,1.26,154
flower,-233.74,-381.58,0,1.21,31
flower,-232.02,-380.67,0,1.27,217
flower,-231.7,-380.76,0,1.13,103
flower,-229.41,-382.41,0,1.03,276
flower,-225.68,-383.15,0,1.24,132
flower,-226.97,-383.0,0,0.93,73
flower,-220.72,-383.54,0,1.13,275
flower,-220.16,-383.73,0,1.06,2
flower,-222.19,-383.31,0,0.92,300
flower,-219.82,-383.59,0,1.21,233
flower,-219.08,-382.51,0,1.39,338
flower,-217.79,-383.01,0,1.31,25
flower,-217.28,-383.61,0,1.06,236
flower,-212.87,-382.45,0,1.29,69
flower,-212.9,-381.64,0,1.23,160
flower,-214.52,-381.49,0,1.18,46
flower,-210.83,-381.06,0,0.98,88
flower,-209.75,-383.16,0,1.03,130
flower,-209.72,-382.49,0,0.95,174
flower,-211.71,-381.48,0,1.35,159
flower,-209.66,-382.42,0,1.33,18
flower,-208.63,-384.49,0,1.09,45
flower,-207.94,-382.94,0,1.26,54
flower,-209.78,-384.9,0,1.38,18
flower,-169.3,-384.76,0,1.03,182
flower,-168.37,-383.22,0,1.33,158
flower,-166.85,-383.75,0,1.18,30
flower,-168.5,-384.17,0,0.94,335
flower,-162.16,-382.64,0,0.97,115
flower,-162.31,-382.86,0,0.93,81
flower,-163.29,-380.95,0,1.07,96
flower,-159.14,-381.85,0,1.37,232
flower,-159.88,-381.47,0,1.36,251
flower,-159.78,-381.86,0,1.3,246
flower,-158.1,-383.36,0,1.09,346
flower,-156.63,-382.33,0,1.4,38
flower,-155.1,-381.29,0,1.13,292
flower,-155.35,-382.64,0,1.39,327
flower,-156.77,-382.49,0,1.05,239
flower,-153.86,-383.78,0,0.95,238
flower,-155.98,-384.27,0,1.39,49
flower,-153.74,-383.15,0,0.99,161
flower,-245.92,-380.34,0,1.08,226
flower,-246.4,-381.38,0,0.97,300
flower,-241.65,-379.47,0,1.38,51
flower,-240.86,-381.52,0,0.98,121
flower,-236.52,-381.68,0,1.3,261
flower,-234.82,-382.57,0,1.11,349
flower,-236.43,-381.93,0,1.4,101
flower,-230.59,-381.99,0,1.13,290
flower,-231.19,-380.59,0,1.16,183
flower,-227.7,-378.41,0,1.2,308
flower,-228.6,-379.87,0,0.96,250
flower,-229.41,-379.5,0,0.95,240
flower,-220.27,-381.22,0,1.08,333
flower,-219.92,-380.78,0,1.06,5
flower,-221.11,-380.96,0,1.03,248
flower,-221.66,-381.14,0,1.37,86
flower,-214.81,-379.14,0,1.07,359
flower,-214.81,-378.5,0,1.18,206
flower,-216.39,-379.13,0,1.4,52
flower,-213.89,-379.07,0,1.36,65
flower,-212.84,-379.71,0,1.36,85
flower,-164.47,-379.69,0,0.91,249
flower,-166.1,-380.26,0,1.07,137
flower,-163.99,-380.06,0,1.05,127
flower,-156.17,-380.61,0,1.13,77
flower,-156.04,-378.34,0,1.36,230
flower,-154.02,-380.92,0,0.99,118
flower,-156.25,-380.55,0,0.9,275
flower,-154.31,-379.81,0,1.25,123
flower,-239.02,-375.06,0,1.26,307
flower,-239.04,-377.19,0,1.11,90
flower,-240.13,-374.91,0,1.25,307
flower,-240.12,-376.6,0,1.17,253
flower,-231.19,-377.24,0,0.92,211
flower,-230.51,-377.26,0,1.35,318
flower,-230.82,-378.01,0,0.95,212
flower,-227.27,-378.07,0,0.94,259
flower,-225.82,-377.27,0,1.31,272
flower,-212.29,-377.51,0,1.07,292
flower,-211.99,-377.28,0,1.07,104
flower,-213.48,-377.9,0,1.13,201
flower,-239.97,-374.6,0,1.33,17
flower,-240.25,-376.29,0,1.02,141
flower,-239.68,-376.67,0,1.15,250
flower,-229.26,-374.89,0,0.99,126
flower,-231.69,-373.08,0,1.14,307
flower,-224.73,-375.09,0,1.4,327
flower,-225.51,-376.05,0,1.14,11
flower,-235.14,-371.82,0,0.95,106
flower,-235.43,-373.5,0,1.09,157
flower,-235.64,-373.0,0,0.94,300
flower,-231.68,-371.25,0,1.05,318
flower,-230.43,-371.68,0,1.19,76
flower,-231.57,-372.54,0,1.23,328
flower,-232.25,-372.06,0,1.22,78
flower,-225.26,-372.07,0,1.14,100
flower,-227.0,-372.76,0,1.27,313
flower,-226.3,-371.69,0,0.96,249
flower,-226.01,-373.41,0,1.09,3
flower,-271.13,-368.58,0,1.28,316
flower,-272.6,-368.5,0,1.32,355
flower,-262.53,-370.01,0,0.94,24
flower,-264.33,-369.58,0,0.94,124
flower,-261.31,-369.61,0,1.14,118
flower,-261.37,-368.79,0,1.25,328
flower,-272.61,-367.14,0,1.04,268
flower,-270.29,-368.28,0,1.08,23
flower,-265.11,-362.46,0,0.92,144
flower,-266.56,-363.41,0,1.19,123
flower,-264.15,-361.19,0,1.33,183
flower,-265.46,-361.92,0,1.16,143
flower,-264.53,-361.86,0,1.15,184
flower,-265.46,-362.46,0,1.12,217
flower,-264.62,-358.92,0,0.91,263
flower,-264.37,-360.02,0,1.25,338
flower,-262.75,-359.29,0,1.09,244
flower,-266.16,-354.35,0,1.09,17
flower,-265.96,-354.3,0,1.31,231
flower,-265.94,-356.12,0,1.08,352
flower,-265.31,-354.94,0,1.32,256
flower,-265.8,-353.23,0,1.33,313
flower,-265.84,-354.71,0,1.32,73
flower,-265.8,-353.79,0,1.08,139
flower,-267.74,-353.69,0,1.02,238
flower,-190.38,-339.82,0,1.21,104
flower,-189.15,-338.02,0,1.2,326
flower,-184.01,-339.34,0,1.34,193
flower,-185.78,-340.39,0,1.06,48
flower,-184.91,-339.63,0,1.17,1
flower,-195.42,-333.7,0,1.1,50
flower,-195.11,-335.29,0,1.0,1
flower,-196.4,-335.16,0,1.25,193
flower,-193.74,-334.09,0,1.17,223
flower,-193.49,-336.07,0,1.32,210
flower,-192.1,-334.55,0,1.35,71
flower,-189.2,-334.57,0,1.35,111
flower,-190.0,-336.18,0,1.19,33
flower,-190.17,-336.52,0,1.0,311
flower,-186.16,-336.38,0,0.92,340
flower,-186.87,-338.41,0,0.94,154
flower,-185.24,-336.82,0,1.22,213
flower,-200.56,-334.15,0,1.28,26
flower,-199.0,-333.99,0,1.19,224
flower,-196.33,-332.2,0,1.3,287
flower,-196.03,-331.43,0,1.03,60
flower,-196.77,-333.46,0,1.08,175
flower,-197.01,-333.42,0,1.3,287
flower,-196.12,-333.94,0,1.11,60
flower,-193.0,-334.92,0,1.23,296
flower,-193.56,-334.43,0,1.01,254
flower,-188.41,-335.03,0,1.32,39
flower,-188.59,-334.51,0,1.27,249
flower,-185.73,-332.94,0,1.15,239
flower,-186.36,-333.4,0,0.91,303
flower,-185.53,-333.24,0,1.19,352
flower,-183.95,-332.87,0,1.0,167
flower,-192.61,-329.06,0,0.98,22
flower,-192.39,-331.08,0,1.09,38
flower,-190.25,-332.83,0,1.02,331
flower,-191.28,-332.46,0,1.05,233
flower,-191.63,-330.67,0,1.32,285
flower,-190.3,-332.31,0,1.09,339
flower,-185.56,-331.75,0,1.13,40
flower,-183.47,-329.79,0,1.32,313
flower,-183.74,-330.74,0,0.97,58
flower,-195.41,-327.25,0,0.96,170
flower,-194.36,-327.98,0,1.26,292
flower,-196.39,-328.69,0,1.03,173
flower,-195.81,-327.56,0,1.11,72
flower,-189.93,-326.41,0,1.19,354
flower,-189.14,-328.81,0,1.39,138
flower,-188.57,-328.6,0,1.37,242
flower,-184.31,-327.02,0,1.36,335
flower,-186.38,-328.31,0,1.22,359
flower,-199.11,-324.3,0,1.32,263
flower,-198.66,-325.43,0,0.94,199
flower,-198.3,-324.36,0,1.02,318
flower,-198.67,-326.02,0,0.96,225
flower,-196.63,-323.74,0,1.23,62
flower,-196.73,-324.72,0,0.96,349
flower,-192.43,-323.94,0,1.39,183
flower,-193.1,-323.94,0,0.98,225
flower,-193.45,-324.82,0,1.09,275
flower,-191.97,-324.05,0,1.34,34
flower,-190.19,-327.1,0,1.12,174
flower,-189.65,-325.97,0,1.28,29
flower,-189.99,-326.65,0,1.2,297
flower,-185.07,-325.28,0,0.94,345
flower,-184.06,-325.38,0,1.15,284
flower,-185.54,-325.41,0,1.05,245
flower,-186.29,-325.23,0,1.12,14
flower,-184.46,-319.55,0,1.27,213
flower,-184.39,-321.54,0,0.93,326
flower,-242.56,-276.35,0,1.34,6
flower,-243.72,-278.35,0,1.37,141
flower,-243.59,-276.32,0,1.28,211
flower,-242.64,-274.87,0,1.15,175
flower,-244.87,-275.58,0,1.29,190
flower,-238.52,-274.7,0,1.34,7
flower,-238.4,-274.13,0,1.06,77
flower,-237.96,-274.52,0,1.08,148
flower,-237.72,-275.11,0,1.22,30
flower,-235.36,-273.88,0,1.08,153
flower,-234.51,-275.67,0,1.33,223
flower,-234.33,-273.18,0,1.18,117
flower,-232.23,-276.36,0,0.91,332
flower,-231.78,-274.85,0,1.37,147
flower,-242.26,-270.71,0,1.16,235
flower,-241.55,-271.31,0,1.27,173
flower,-241.1,-271.68,0,1.34,219
flower,-241.55,-270.77,0,1.32,12
flower,-236.59,-272.32,0,1.01,133
flower,-236.5,-274.78,0,0.98,286
flower,-231.32,-272.22,0,0.97,4
flower,-231.7,-270.4,0,1.13,212
flower,-232.27,-271.15,0,1.29,5
flower,-232.2,-270.55,0,1.27,350
flower,-250.32,-270.1,0,1.28,286
flower,-251.08,-269.75,0,1.37,150
flower,-250.99,-267.75,0,1.37,221
flower,-246.21,-270.56,0,0.91,69
flower,-247.99,-269.35,0,1.08,197
flower,-248.27,-270.42,0,1.06,132
flower,-245.53,-266.16,0,0.99,26
flower,-244.56,-267.4,0,1.35,120
flower,-245.85,-268.01,0,1.12,37
flower,-244.42,-268.32,0,1.06,116
flower,-241.83,-266.35,0,1.11,145
flower,-242.4,-266.29,0,0.96,95
flower,-239.3,-268.32,0,1.02,46
flower,-239.22,-267.84,0,0.97,17
flower,-237.33,-267.09,0,0.98,183
flower,-238.39,-268.43,0,0.94,51
flower,-238.29,-266.37,0,1.11,26
flower,-237.35,-266.74,0,1.17,187
flower,-236.84,-266.7,0,1.06,21
flower,-236.1,-268.18,0,1.23,251
flower,-247.9,-264.11,0,1.39,182
flower,-247.96,-263.2,0,1.31,150
flower,-247.01,-263.15,0,1.24,208
flower,-248.32,-262.76,0,1.25,272
flower,-245.99,-262.49,0,1.13,175
flower,-244.38,-264.73,0,1.17,96
flower,-244.58,-264.26,0,1.16,46
flower,-235.64,-263.29,0,1.28,125
flower,-235.98,-262.06,0,1.27,101
flower,-237.38,-262.07,0,1.19,292
flower,-235.98,-262.85,0,1.08,298
flower,-235.4,-263.35,0,0.96,185
flower,-235.43,-263.02,0,1.02,8
flower,-235.68,-264.45,0,1.29,111
flower,-269.57,-199.59,0,1.16,210
flower,-269.0,-199.67,0,0.95,165
flower,-266.08,-202.18,0,1.12,2
flower,-266.06,-200.64,0,1.25,197
flower,-264.6,-200.03,0,1.04,316
flower,-263.76,-202.04,0,1.35,105
flower,-263.49,-197.16,0,1.23,22
flower,-262.4,-196.04,0,0.97,314
flower,-267.43,-193.91,0,1.32,171
flower,-267.21,-192.44,0,1.18,120
flower,-265.5,-194.57,0,1.1,108
flower,-268.69,-192.17,0,1.13,214
flower,-268.08,-192.59,0,1.07,336
flower,-267.89,-193.9,0,1.33,44
flower,-263.34,-193.0,0,1.29,15
flower,-263.53,-192.44,0,1.13,97
flower,-260.49,-188.31,0,1.01,141
flower,-260.73,-187.95,0,1.26,1
flower,-259.96,-188.08,0,1.16,322
flower,-260.54,-187.55,0,1.26,311
flower,-256.34,-183.74,0,1.06,61
flower,-256.16,-185.53,0,0.91,299
flower,-181.62,-181.81,0,0.92,357
flower,-181.2,-182.61,0,0.96,354
flower,-181.15,-182.28,0,0.91,214
flower,-182.2,-180.41,0,1.03,329
flower,-182.54,-181.28,0,1.24,129
flower,-177.95,-180.96,0,1.1,67
flower,-179.34,-180.95,0,1.12,110
flower,-179.44,-182.91,0,0.94,218
flower,-177.27,-182.95,0,1.26,17
flower,-173.51,-180.19,0,0.95,298
flower,-173.7,-180.08,0,0.92,23
flower,-173.88,-179.07,0,1.17,315
flower,-171.65,-179.29,0,1.33,83
flower,-173.05,-180.1,0,1.3,58
flower,-171.28,-181.05,0,0.99,167
flower,-168.27,-179.22,0,1.37,241
flower,-169.0,-179.67,0,1.03,187
flower,-200.37,-178.58,0,0.96,183
flower,-202.9,-178.56,0,1.39,39
flower,-186.48,-177.74,0,1.25,130
flower,-185.27,-176.11,0,1.29,56
flower,-183.13,-179.24,0,1.09,101
flower,-182.89,-177.67,0,1.28,150
flower,-178.39,-178.35,0,1.34,185
flower,-179.12,-178.73,0,1.38,131
flower,-179.75,-177.04,0,1.04,279
flower,-177.91,-178.5,0,1.0,203
flower,-175.8,-179.03,0,1.01,255
flower,-177.12,-179.25,0,1.3,77
flower,-177.83,-179.18,0,0.93,45
flower,-172.75,-177.29,0,1.23,98
flower,-173.26,-178.21,0,1.37,30
flower,-173.69,-179.03,0,1.21,153
flower,-169.72,-179.06,0,1.36,322
flower,-169.02,-178.54,0,0.97,357
flower,-168.51,-179.91,0,1.2,335
flower,-201.1,-176.75,0,1.29,28
flower,-200.89,-174.5,0,1.33,329
flower,-200.26,-174.97,0,1.12,344
flower,-192.68,-176.56,0,1.14,339
flower,-191.28,-176.98,0,1.18,248
flower,-192.86,-176.9,0,1.25,73
flower,-183.29,-174.6,0,1.29,100
flower,-182.04,-174.9,0,1.07,24
flower,-183.77,-176.43,0,1.3,75
flower,-181.16,-174.36,0,0.94,39
flower,-179.87,-176.36,0,0.95,111
flower,-179.38,-176.29,0,1.06,213
flower,-177.39,-174.34,0,1.27,176
flower,-178.17,-174.41,0,1.2,332
flower,-177.55,-176.26,0,1.06,143
flower,-178.18,-176.64,0,1.05,210
flower,-169.94,-176.21,0,1.26,91
flower,-169.01,-175.11,0,1.25,264
flower,-170.56,-175.02,0,1.15,254
flower,-210.02,-171.56,0,1.32,266
flower,-211.73,-170.36,0,1.15,149
flower,-208.41,-172.95,0,1.03,154
flower,-207.41,-171.57,0,1.22,310
flower,-206.46,-171.45,0,1.19,178
flower,-206.65,-172.55,0,0.96,181
flower,-206.23,-172.92,0,0.91,243
flower,-201.41,-172.49,0,1.18,93
flower,-199.19,-173.08,0,1.12,107
flower,-201.05,-172.72,0,1.02,244
flower,-199.26,-172.62,0,1.32,269
flower,-198.42,-170.62,0,1.1,24
flower,-196.86,-172.35,0,0.96,71
flower,-191.59,-172.11,0,1.04,176
flower,-191.66,-172.5,0,1.38,319
flower,-190.12,-172.63,0,1.23,300
flower,-188.99,-172.73,0,1.24,98
flower,-188.82,-172.75,0,1.39,262
flower,-188.08,-172.21,0,1.26,179
flower,-186.41,-171.24,0,1.22,204
flower,-186.52,-172.78,0,1.27,267
flower,-179.18,-170.41,0,1.3,141
flower,-180.05,-170.25,0,1.16,178
flower,-180.92,-171.98,0,1.25,128
flower,-180.16,-171.22,0,0.98,162
flower,-177.22,-173.85,0,0.91,93
flower,-177.08,-174.21,0,1.02,197
flower,-175.98,-174.62,0,1.29,310
flower,-176.97,-174.36,0,1.31,337
flower,-168.71,-171.01,0,1.32,152
flower,-169.32,-172.56,0,1.13,172
flower,-211.35,-169.4,0,0.96,154
flower,-209.3,-170.93,0,1.28,238
flower,-210.62,-170.96,0,1.16,337
flower,-200.96,-167.7,0,1.06,238
flower,-199.38,-168.3,0,1.03,145
flower,-201.06,-169.69,0,1.17,57
flower,-196.62,-169.58,0,1.11,353
flower,-197.61,-168.72,0,0.97,329
flower,-197.7,-167.78,0,1.06,109
flower,-193.49,-170.45,0,0.91,278
flower,-195.52,-172.17,0,1.36,13
flower,-194.41,-170.22,0,1.36,356
flower,-194.7,-172.02,0,1.34,325
flower,-189.85,-169.01,0,1.13,139
flower,-189.66,-169.59,0,1.28,142
flower,-188.12,-169.63,0,1.24,81
flower,-188.79,-169.59,0,0.96,293
flower,-178.05,-169.36,0,1.03,218
flower,-177.34,-170.06,0,1.35,347
flower,-175.04,-171.83,0,1.03,292
flower,-174.14,-171.22,0,1.15,245
flower,-170.48,-168.2,0,1.4,241
flower,-169.28,-168.5,0,1.15,106
flower,-219.91,-165.89,0,1.32,251
flower,-219.53,-167.08,0,0.9,80
flower,-220.96,-167.09,0,1.39,212
flower,-219.65,-168.17,0,1.12,86
flower,-206.8,-168.41,0,1.24,39
flower,-206.2,-166.75,0,1.35,357
flower,-205.72,-167.32,0,0.92,43
flower,-206.34,-167.19,0,1.07,9
flower,-200.36,-166.58,0,1.11,358
flower,-201.87,-168.44,0,1.31,86
flower,-196.87,-165.92,0,1.14,129
flower,-196.79,-166.38,0,1.17,221
flower,-198.46,-166.26,0,1.15,160
flower,-189.59,-166.88,0,0.92,179
flower,-191.28,-166.96,0,1.04,276
flower,-188.3,-167.52,0,0.93,126
flower,-188.09,-166.24,0,1.06,140
flower,-182.3,-167.14,0,1.03,293
flower,-182.48,-165.83,0,1.06,276
flower,-179.57,-165.57,0,0.99,348
flower,-177.43,-164.74,0,1.3,229
flower,-222.96,-165.23,0,1.2,308
flower,-223.2,-163.2,0,1.21,102
flower,-221.43,-164.22,0,1.38,147
flower,-221.08,-165.42,0,1.07,57
flower,-221.22,-166.21,0,1.37,309
flower,-215.47,-162.9,0,0.91,170
flower,-216.35,-162.47,0,1.3,24
flower,-208.41,-164.11,0,1.03,265
flower,-209.59,-164.24,0,1.04,179
flower,-209.14,-165.54,0,1.3,28
flower,-206.86,-163.67,0,1.23,104
flower,-198.7,-164.54,0,1.31,355
flower,-198.79,-164.3,0,1.32,37
flower,-196.85,-164.88,0,1.31,339
flower,-195.39,-166.17,0,1.0,187
flower,-194.77,-165.67,0,0.98,104
flower,-191.32,-165.43,0,1.18,71
flower,-191.85,-165.2,0,1.15,88
flower,-192.2,-164.79,0,1.04,271
flower,-191.92,-164.41,0,1.18,149
flower,-184.35,-163.33,0,1.33,176
flower,-184.99,-163.08,0,0.96,37
flower,-220.86,-160.17,0,1.34,14
flower,-221.43,-158.62,0,0.98,29
flower,-220.41,-159.46,0,1.2,206
flower,-221.91,-160.83,0,0.99,131
flower,-219.09,-160.86,0,0.96,166
flower,-218.86,-160.48,0,1.31,63
flower,-210.22,-160.13,0,1.28,112
flower,-211.18,-162.11,0,1.16,79
flower,-211.73,-159.47,0,1.27,3
flower,-211.02,-159.87,0,1.28,47
flower,-205.84,-163.68,0,1.4,1
flower,-207.79,-161.19,0,1.0,137
flower,-204.16,-159.33,0,1.27,36
flower,-205.03,-159.57,0,1.04,282
flower,-206.09,-160.9,0,1.15,338
flower,-199.94,-161.17,0,0.96,81
flower,-199.64,-163.34,0,1.27,186
flower,-201.97,-161.36,0,1.32,266
flower,-195.55,-161.88,0,1.0,72
flower,-194.9,-162.17,0,1.03,280
flower,-195.41,-159.76,0,1.09,232
flower,-195.08,-162.11,0,1.25,310
flower,-177.56,-163.07,0,1.03,271
flower,-177.16,-161.29,0,1.15,291
flower,-177.61,-163.9,0,1.26,156
flower,-178.77,-163.82,0,1.36,16
flower,-219.96,-156.68,0,1.11,185
flower,-219.65,-156.21,0,1.38,121
flower,-218.97,-156.95,0,0.96,302
flower,-208.77,-158.11,0,1.39,350
flower,-207.0,-159.03,0,1.31,126
flower,-203.08,-160.92,0,1.32,26
flower,-201.84,-160.69,0,1.2,243
flower,-198.2,-159.54,0,1.0,123
flower,-197.03,-158.87,0,1.09,129
flower,-197.37,-157.7,0,1.36,77
flower,-197.94,-157.34,0,1.38,23
flower,-194.09,-158.68,0,1.39,70
flower,-194.3,-158.53,0,1.33,148
flower,-194.43,-159.16,0,1.29,13
flower,-191.0,-159.08,0,0.95,67
flower,-191.69,-159.92,0,1.07,25
flower,-185.89,-159.53,0,1.19,340
flower,-186.61,-157.51,0,0.95,93
flower,-188.09,-159.06,0,1.27,331
flower,-183.13,-160.7,0,1.39,359
flower,-184.22,-160.5,0,1.13,306
flower,-182.42,-159.61,0,1.33,256
flower,-181.55,-157.68,0,1.36,226
flower,-180.93,-159.44,0,1.28,196
flower,-179.9,-157.72,0,1.33,50
flower,-219.42,-154.72,0,1.14,270
flower,-219.86,-154.21,0,1.36,130
flower,-208.0,-156.07,0,1.21,287
flower,-208.58,-157.01,0,1.2,230
flower,-196.86,-153.83,0,1.35,144
flower,-196.46,-154.54,0,1.24,263
flower,-198.4,-153.95,0,1.01,46
flower,-190.77,-156.54,0,1.17,311
flower,-190.14,-156.67,0,1.39,172
flower,-189.67,-157.21,0,1.26,135
flower,-186.53,-156.04,0,1.26,358
flower,-185.21,-155.38,0,1.14,180
flower,-186.2,-155.73,0,1.34,65
flower,-180.62,-155.5,0,1.29,112
flower,-181.1,-155.84,0,1.13,209
flower,-210.06,-153.51,0,1.18,251
flower,-210.79,-154.65,0,1.05,336
flower,-204.35,-152.49,0,1.33,53
flower,-204.81,-153.52,0,1.01,310
flower,-205.42,-153.91,0,0.93,160
flower,-204.54,-153.82,0,1.23,342
flower,-203.92,-153.03,0,0.99,160
flower,-203.84,-154.93,0,1.28,285
flower,-199.25,-151.06,0,1.11,63
flower,-199.81,-153.19,0,0.93,16
flower,-198.79,-151.35,0,1.2,225
flower,-195.09,-152.89,0,1.22,102
flower,-196.08,-152.84,0,1.17,313
flower,-196.18,-154.27,0,1.15,219
flower,-193.83,-151.9,0,1.27,290
flower,-192.24,-150.58,0,1.38,340
flower,-193.81,-152.23,0,1.37,301
flower,-192.02,-152.65,0,1.21,113
flower,-186.91,-153.04,0,1.19,315
flower,-187.1,-152.94,0,1.21,73
flower,-183.98,-153.1,0,1.08,221
flower,-185.9,-153.59,0,1.17,269
flower,-184.08,-153.05,0,1.02,162
flower,-184.28,-151.73,0,1.17,27
flower,-180.14,-153.5,0,1.19,300
flower,-181.35,-150.96,0,1.35,24
flower,-210.95,-149.73,0,1.4,262
flower,-210.91,-150.06,0,0.94,304
flower,-207.85,-152.37,0,1.21,328
flower,-209.03,-150.15,0,1.17,106
flower,-201.36,-151.11,0,1.24,15
flower,-201.12,-149.88,0,0.9,25
flower,-199.96,-151.62,0,0.98,87
flower,-194.67,-150.85,0,0.91,187
flower,-194.44,-151.16,0,1.3,268
flower,-195.36,-151.69,0,1.2,185
flower,-192.64,-152.16,0,0.97,353
flower,-191.07,-150.62,0,1.15,188
flower,-191.04,-151.01,0,0.95,233
flower,-192.29,-152.67,0,1.17,242
flower,-190.13,-150.28,0,1.27,259
flower,-189.14,-152.81,0,1.35,4
flower,-189.41,-152.14,0,0.9,80
flower,-182.87,-150.49,0,1.18,270
flower,-184.8,-148.13,0,1.01,33
flower,-184.67,-149.31,0,1.16,220
flower,-184.71,-150.32,0,1.31,234
flower,-184.19,-151.72,0,1.23,12
flower,-184.23,-149.85,0,1.04,99
flower,-220.5,-149.63,0,1.26,184
flower,-220.59,-147.11,0,1.15,341
flower,-217.46,-146.66,0,1.04,157
flower,-215.52,-146.98,0,0.98,26
flower,-216.5,-148.43,0,0.97,205
flower,-215.93,-148.04,0,1.38,153
flower,-209.65,-146.85,0,1.04,65
flower,-210.57,-147.72,0,0.95,282
flower,-209.09,-148.47,0,1.31,34
flower,-205.89,-149.05,0,1.21,327
flower,-204.48,-147.84,0,1.13,105
flower,-203.35,-147.66,0,1.35,300
flower,-203.15,-148.9,0,0.91,99
flower,-197.98,-146.34,0,1.26,247
flower,-200.29,-146.21,0,1.15,271
flower,-195.56,-147.84,0,1.18,172
flower,-197.44,-148.65,0,1.33,147
flower,-198.2,-149.1,0,0.91,324
flower,-190.52,-147.45,0,1.28,58
flower,-189.1,-147.45,0,0.9,131
flower,-191.45,-145.75,0,1.23,93
flower,-185.22,-145.46,0,1.35,48
flower,-186.35,-146.13,0,1.03,24
flower,-185.36,-147.56,0,1.15,62
flower,-187.14,-145.26,0,1.15,200
flower,-206.22,-144.85,0,1.18,89
flower,-206.26,-146.36,0,1.2,42
flower,-208.24,-146.48,0,0.92,245
flower,-206.33,-146.27,0,1.4,245
flower,-203.17,-143.28,0,0.94,302
flower,-204.33,-144.42,0,1.16,111
flower,-204.39,-144.88,0,1.33,208
flower,-202.24,-145.57,0,1.15,54
flower,-206.06,-143.46,0,1.11,275
flower,-205.99,-143.45,0,1.21,330
flower,-207.55,-141.59,0,1.15,66
flower,188.45,-69.36,0,0.91,176
flower,189.08,-68.29,0,1.24,65
flower,188.37,-68.91,0,1.08,345
flower,189.5,-68.68,0,1.15,220
flower,250.91,-61.38,0,1.23,12
flower,250.67,-62.01,0,1.38,49
flower,249.92,-63.6,0,0.91,219
flower,168.59,-55.55,0,1.2,147
flower,169.67,-56.47,0,1.34,327
flower,168.63,-55.5,0,0.93,266
flower,168.92,-57.14,0,0.96,63
poppy,198.98,-45.03,0,1.18,267
poppy,197.87,-43.19,0,1.18,92
poppy,198.29,-45.21,0,1.17,161
poppy,197.15,-43.22,0,1.3,53
poppy,202.56,-43.63,0,1.35,160
poppy,200.24,-46.17,0,1.0,212
poppy,200.56,-45.4,0,1.38,47
flower,229.94,-44.69,0,1.39,3
flower,231.55,-44.54,0,1.07,207
poppy,195.17,-42.59,0,1.36,89
poppy,194.7,-42.7,0,0.99,281
poppy,202.69,-42.87,0,0.98,127
poppy,201.06,-41.17,0,0.98,70
poppy,200.44,-41.68,0,1.08,238
poppy,201.8,-42.45,0,1.28,178
poppy,203.32,-43.26,0,0.94,272
poppy,209.0,-42.84,0,1.39,0
poppy,209.23,-40.67,0,1.02,135
poppy,208.88,-42.6,0,1.21,63
poppy,209.37,-43.62,0,1.11,333
poppy,213.76,-43.52,0,1.27,225
poppy,213.42,-42.19,0,0.94,42
poppy,212.63,-42.93,0,1.3,42
poppy,213.67,-43.31,0,1.26,180
flower,231.49,-40.97,0,1.02,336
flower,231.22,-42.23,0,1.25,291
flower,232.79,-42.96,0,1.07,312
poppy,197.94,-41.31,0,1.3,30
poppy,197.47,-40.59,0,1.04,238
poppy,195.85,-41.31,0,1.28,331
poppy,197.08,-38.23,0,1.0,23
poppy,197.06,-36.88,0,1.14,284
poppy,209.4,-40.43,0,1.32,180
poppy,209.44,-38.91,0,0.94,172
poppy,211.1,-40.55,0,1.35,55
poppy,212.02,-39.23,0,1.29,269
poppy,214.46,-39.33,0,1.11,29
poppy,191.22,-35.67,0,1.21,216
poppy,193.08,-37.39,0,1.23,215
poppy,191.53,-34.94,0,1.15,267
poppy,195.98,-38.05,0,1.05,353
poppy,194.67,-38.23,0,0.95,177
poppy,203.74,-37.23,0,1.09,28
poppy,203.01,-39.35,0,1.2,214
poppy,206.8,-37.61,0,1.19,175
poppy,206.97,-36.95,0,1.28,84
poppy,207.61,-35.07,0,1.38,311
poppy,211.02,-37.09,0,1.37,165
poppy,211.84,-36.82,0,1.4,67
poppy,212.01,-34.87,0,0.97,290
poppy,213.36,-37.1,0,0.92,175
poppy,214.65,-37.12,0,1.24,270
poppy,213.04,-36.54,0,1.37,10
poppy,212.92,-37.99,0,1.04,84
poppy,218.37,-36.45,0,0.92,65
poppy,219.3,-35.68,0,1.23,320
poppy,218.4,-36.14,0,1.04,262
poppy,218.71,-35.1,0,1.2,347
poppy,198.61,-33.24,0,1.22,134
poppy,199.04,-33.43,0,1.03,63
poppy,203.01,-33.72,0,0.97,231
poppy,203.08,-34.54,0,1.13,247
poppy,205.26,-34.0,0,1.24,239
poppy,205.46,-35.0,0,1.14,327
poppy,212.26,-33.93,0,1.23,143
poppy,211.35,-34.23,0,1.05,300
poppy,215.4,-33.76,0,1.36,344
poppy,213.83,-32.65,0,0.98,77
poppy,214.31,-32.11,0,1.02,254
poppy,213.73,-32.93,0,1.28,243
poppy,216.33,-35.99,0,1.22,6
poppy,216.13,-34.35,0,1.14,341
poppy,216.09,-33.95,0,1.21,199
poppy,194.77,-29.77,0,1.26,240
poppy,193.86,-31.37,0,1.06,231
poppy,197.88,-31.73,0,1.3,236
poppy,196.21,-30.03,0,1.19,52
poppy,196.12,-31.74,0,0.91,160
poppy,195.83,-31.24,0,1.2,180
poppy,207.76,-29.68,0,1.02,26
poppy,206.86,-29.59,0,1.3,194
poppy,210.07,-30.61,0,1.34,224
poppy,209.71,-30.21,0,1.27,115
poppy,213.68,-29.33,0,1.25,114
poppy,213.94,-31.32,0,1.1,130
poppy,212.73,-29.97,0,1.31,340
poppy,212.34,-30.79,0,1.34,126
poppy,215.28,-32.64,0,0.93,326
poppy,215.18,-30.72,0,1.11,341
poppy,216.02,-31.05,0,0.99,107
poppy,217.8,-33.14,0,1.34,187
poppy,217.96,-31.52,0,1.31,114
poppy,218.1,-33.8,0,0.93,342
poppy,217.82,-31.75,0,1.4,75
poppy,201.41,-27.76,0,1.33,337
poppy,201.61,-29.92,0,1.26,100
poppy,203.77,-28.13,0,1.19,83
poppy,204.85,-27.2,0,1.14,153
poppy,204.96,-28.69,0,0.94,194
poppy,204.22,-27.3,0,1.19,122
poppy,208.58,-28.45,0,1.0,154
poppy,208.68,-27.92,0,1.27,138
poppy,208.41,-26.76,0,0.98,160
poppy,209.03,-27.07,0,1.27,137
poppy,211.48,-26.77,0,1.32,289
poppy,213.34,-26.99,0,0.93,104
poppy,211.92,-26.5,0,1.09,223
poppy,213.21,-27.41,0,1.11,266
poppy,216.12,-30.75,0,1.21,274
poppy,214.93,-30.92,0,1.17,13
poppy,213.94,-28.74,0,0.95,298
flower,151.15,-25.6,0,1.11,291
flower,151.18,-24.12,0,0.95,90
flower,153.89,-25.91,0,1.07,96
flower,152.78,-25.95,0,1.08,217
flower,160.08,-27.36,0,1.07,327
flower,160.34,-26.18,0,1.0,136
flower,162.48,-28.28,0,1.33,302
flower,160.97,-26.71,0,0.97,243
poppy,201.04,-26.69,0,1.3,256
poppy,201.03,-24.93,0,0.96,328
poppy,200.69,-25.3,0,1.29,342
poppy,208.75,-25.19,0,1.21,291
poppy,206.39,-23.52,0,0.98,72
poppy,206.35,-24.01,0,1.33,106
poppy,207.56,-24.68,0,1.14,313
poppy,208.15,-25.74,0,1.1,204
poppy,209.3,-25.27,0,1.34,90
poppy,208.04,-23.66,0,1.21,72
poppy,207.78,-24.27,0,1.03,102
poppy,211.6,-28.06,0,1.19,151
poppy,212.35,-25.88,0,1.06,130
poppy,210.75,-27.68,0,1.12,80
flower,175.49,-9.45,0,1.21,223
flower,174.08,-11.33,0,1.16,83
flower,176.36,-11.61,0,1.21,223
flower,173.94,-9.56,0,0.91,331
flower,159.22,1.46,0,1.36,16
flower,158.55,1.0,0,0.92,321
flower,159.04,1.54,0,1.13,260
flower,158.7,2.41,0,1.28,102
flower,157.86,2.91,0,1.32,352
flower,156.16,4.86,0,1.36,182
flower,183.97,14.18,0,1.05,84
flower,185.59,12.93,0,1.39,348
flower,212.37,18.15,0,1.04,282
flower,211.15,16.95,0,1.17,132
flower,212.34,15.9,0,1.17,342
flower,211.3,17.55,0,1.26,233
flower,151.38,20.66,0,0.97,78
flower,152.0,21.54,0,1.2,37
flower,151.41,19.96,0,1.34,133
flower,152.69,21.77,0,1.15,32
flower,237.48,28.25,0,1.33,57
flower,236.6,29.74,0,1.38,280
flower,236.72,29.63,0,0.95,88
flower,238.74,27.7,0,1.05,234
flower,233.23,34.02,0,1.24,246
flower,233.76,33.93,0,0.94,260
flower,233.17,34.42,0,0.93,354
flower,234.24,33.28,0,1.24,10
flower,180.16,49.09,0,1.06,9
flower,178.68,49.99,0,1.12,93
flower,178.61,50.9,0,1.03,117
flower,181.9,51.61,0,1.02,92
flower,179.72,51.49,0,0.98,198
flower,181.39,51.36,0,0.92,19
flower,180.49,51.55,0,0.93,274
flower,180.97,53.98,0,1.27,68
flower,180.28,54.34,0,1.3,114
flower,180.07,56.14,0,1.22,23
flower,255.79,53.56,0,1.21,231
flower,254.83,54.69,0,1.2,103
flower,180.6,59.7,0,0.92,282
flower,180.52,58.85,0,1.32,77
flower,179.4,59.41,0,1.2,111
flower,178.35,64.85,0,1.33,295
flower,177.2,65.17,0,1.02,115
flower,178.33,63.37,0,1.16,340
flower,179.39,63.83,0,0.95,316
flower,180.69,65.57,0,1.35,242
flower,185.38,84.19,0,1.35,316
flower,186.37,83.17,0,1.25,66
flower,184.98,85.62,0,1.31,10
flower,184.39,84.98,0,1.1,116
flower,224.3,94.26,0,1.17,226
flower,225.86,94.21,0,0.92,291
flower,230.97,95.57,0,1.2,199
flower,230.75,96.22,0,1.33,358
flower,229.73,96.46,0,1.38,198
flower,232.11,97.25,0,0.92,0
flower,231.84,96.61,0,1.08,189
flower,232.18,96.56,0,1.37,188
flower,233.22,97.45,0,1.25,246
flower,241.44,98.02,0,0.98,71
flower,243.49,96.76,0,1.18,131
flower,242.33,97.0,0,1.05,30
flower,296.56,96.17,0,1.39,181
flower,295.95,96.24,0,1.25,79
flower,296.01,97.4,0,1.11,187
flower,296.02,96.81,0,1.29,345
flower,165.07,99.32,0,1.05,283
flower,164.49,100.77,0,0.95,292
flower,167.01,101.72,0,0.99,178
flower,246.2,101.11,0,1.4,124
flower,245.05,100.44,0,1.18,143
flower,240.12,102.69,0,1.39,192
flower,237.5,102.72,0,1.28,279
flower,239.25,101.24,0,0.98,15
flower,242.46,103.01,0,1.06,182
flower,242.37,101.4,0,1.32,243
flower,240.26,101.23,0,1.27,41
flower,241.1,101.01,0,1.29,38
flower,233.71,103.35,0,1.07,319
flower,234.19,105.93,0,1.26,106
flower,235.78,103.4,0,1.11,240
flower,233.48,103.47,0,1.1,316
flower,242.2,104.71,0,1.29,279
flower,242.83,104.46,0,1.14,110
flower,243.54,103.01,0,1.1,255
flower,242.16,104.36,0,1.14,166
flower,245.98,102.55,0,1.01,84
flower,245.68,104.1,0,0.92,134
flower,248.38,106.31,0,1.21,168
flower,250.25,106.89,0,1.25,275
flower,226.62,106.42,0,1.05,228
flower,227.34,106.72,0,1.32,10
flower,226.09,108.77,0,0.91,232
flower,232.29,109.63,0,1.28,115
flower,233.09,109.31,0,1.0,118
flower,232.3,109.93,0,1.31,322
flower,235.35,108.23,0,1.29,317
flower,233.59,109.32,0,1.04,174
flower,237.49,108.39,0,0.95,227
flower,236.31,107.71,0,1.03,292
flower,238.51,108.2,0,1.17,153
flower,244.53,107.88,0,1.22,190
flower,244.87,105.97,0,1.17,288
flower,242.38,108.22,0,1.26,91
flower,242.57,107.35,0,1.23,48
flower,246.25,108.07,0,1.4,24
flower,246.17,107.4,0,1.35,196
flower,245.91,106.65,0,1.34,323
flower,245.64,107.46,0,1.38,283
flower,169.91,110.09,0,1.3,70
flower,169.37,110.9,0,1.15,8
flower,168.58,111.02,0,0.92,15
flower,170.36,109.24,0,0.9,118
flower,174.33,111.49,0,1.16,9
flower,174.55,109.69,0,1.32,229
flower,226.62,110.35,0,1.08,23
flower,225.69,107.73,0,1.2,347
flower,226.0,109.62,0,1.33,257
flower,233.84,108.08,0,1.25,157
flower,235.54,110.35,0,1.27,195
flower,234.02,108.01,0,1.17,216
flower,236.88,110.32,0,1.0,121
flower,236.57,110.48,0,1.33,183
flower,238.24,108.61,0,1.38,115
flower,238.4,109.43,0,1.2,285
flower,238.94,108.27,0,1.24,145
flower,239.57,110.22,0,1.03,152
flower,245.62,109.31,0,1.15,134
flower,245.28,111.71,0,0.98,113
flower,245.74,110.44,0,1.07,199
flower,251.09,111.59,0,0.96,201
flower,249.77,111.14,0,1.1,352
flower,163.56,112.12,0,1.19,95
flower,161.56,112.58,0,0.92,13
flower,162.18,112.6,0,1.1,182
flower,165.41,115.01,0,1.25,250
flower,163.77,113.97,0,1.11,259
flower,168.63,113.31,0,1.13,359
flower,167.12,113.86,0,1.36,172
flower,167.24,112.16,0,1.2,206
flower,168.99,113.48,0,1.2,260
flower,172.22,111.92,0,1.06,311
flower,169.85,113.41,0,1.32,13
flower,228.8,112.79,0,0.93,293
flower,228.79,111.05,0,1.29,245
flower,233.07,114.14,0,1.25,352
flower,232.46,113.33,0,1.37,300
flower,239.46,114.41,0,1.3,70
flower,238.63,112.58,0,1.1,127
flower,242.54,113.55,0,0.96,102
flower,242.27,114.11,0,1.37,67
flower,242.46,113.09,0,0.92,31
flower,241.43,114.94,0,1.05,58
flower,245.96,113.59,0,1.0,49
flower,246.68,111.82,0,1.14,149
flower,246.89,113.28,0,1.17,327
flower,246.87,112.12,0,1.29,299
flower,248.57,112.23,0,0.96,70
flower,247.58,112.08,0,1.23,251
flower,249.93,112.88,0,1.3,81
flower,159.87,115.35,0,1.32,243
flower,162.3,115.12,0,1.0,294
flower,162.1,116.13,0,1.29,239
flower,160.07,114.84,0,1.01,217
flower,163.71,115.23,0,1.28,206
flower,162.98,116.43,0,1.04,318
flower,165.61,115.29,0,1.08,53
flower,166.07,114.63,0,1.31,301
flower,170.87,115.71,0,1.09,292
flower,169.08,117.57,0,1.15,186
flower,174.2,116.38,0,1.17,98
flower,174.47,115.4,0,0.99,196
flower,180.02,115.51,0,1.17,254
flower,178.14,116.42,0,0.97,42
flower,178.78,114.63,0,1.2,119
flower,178.34,116.55,0,1.14,193
flower,232.59,115.0,0,1.09,228
flower,232.17,115.75,0,0.92,150
flower,233.68,115.21,0,0.93,178
flower,234.8,114.59,0,1.21,129
flower,234.08,113.96,0,1.08,45
flower,236.21,115.55,0,1.31,20
flower,236.51,115.71,0,1.04,195
flower,246.18,114.64,0,0.98,280
flower,247.49,114.58,0,1.38,287
flower,248.01,115.95,0,0.93,275
flower,249.07,114.03,0,1.19,114
flower,250.08,114.7,0,1.15,241
flower,250.2,113.95,0,1.17,267
flower,249.49,116.0,0,1.0,149
flower,154.4,118.35,0,0.96,169
flower,155.39,118.56,0,1.05,211
flower,163.36,119.69,0,1.02,321
flower,162.89,117.59,0,0.96,90
flower,160.82,118.34,0,1.24,247
flower,161.89,119.44,0,1.17,25
flower,167.24,117.02,0,0.96,142
flower,167.36,118.92,0,1.31,291
flower,168.57,117.3,0,1.26,144
flower,180.01,119.06,0,1.16,142
flower,180.19,117.1,0,1.04,272
flower,180.13,117.01,0,0.94,280
flower,179.99,119.58,0,1.09,137
flower,231.34,118.41,0,1.04,136
flower,232.16,117.19,0,1.18,347
flower,232.16,118.36,0,0.98,295
flower,237.64,116.4,0,0.94,316
flower,238.62,116.64,0,1.36,252
flower,236.77,115.98,0,1.03,333
flower,236.46,117.13,0,0.96,325
flower,239.74,118.03,0,1.09,308
flower,241.84,118.88,0,1.25,107
flower,242.17,118.4,0,0.92,40
flower,241.33,117.52,0,1.34,285
flower,278.83,118.41,0,1.28,162
flower,279.18,118.05,0,1.17,289
flower,278.79,118.68,0,1.06,74
flower,158.8,122.66,0,1.08,323
flower,160.8,120.57,0,1.14,68
flower,159.71,121.9,0,1.38,149
flower,162.09,121.95,0,1.03,97
flower,162.32,122.24,0,1.38,297
flower,175.06,121.8,0,1.28,14
flower,174.09,123.3,0,1.25,138
flower,175.42,121.52,0,1.22,19
flower,173.52,122.34,0,1.21,25
flower,176.92,120.02,0,1.21,315
flower,177.58,120.42,0,1.39,220
flower,177.89,120.43,0,0.94,29
flower,180.37,121.17,0,0.96,108
flower,182.25,122.84,0,1.39,312
flower,181.54,120.92,0,1.15,205
flower,174.57,123.28,0,1.38,341
flower,176.05,122.81,0,1.11,22
flower,178.32,122.12,0,1.28,51
flower,179.54,122.08,0,1.19,155
flower,180.46,124.17,0,1.39,257
flower,180.87,123.68,0,1.24,154
flower,158.58,126.87,0,1.27,0
flower,161.19,126.95,0,1.25,197
flower,166.9,127.43,0,0.99,73
flower,165.67,127.13,0,1.21,37
flower,167.23,128.38,0,1.11,148
flower,171.9,128.65,0,1.24,299
flower,170.12,127.1,0,1.1,96
flower,170.01,128.37,0,1.09,78
flower,172.76,129.01,0,0.97,223
flower,174.24,127.64,0,1.36,198
flower,173.17,127.27,0,1.1,270
flower,174.69,128.3,0,1.23,67
flower,175.37,126.29,0,1.27,339
flower,175.44,127.19,0,1.16,77
flower,179.12,125.37,0,1.09,125
flower,177.71,124.89,0,1.14,1
flower,176.83,124.92,0,1.15,144
flower,170.95,129.96,0,0.97,287
flower,172.01,127.91,0,1.33,253
flower,172.41,128.09,0,1.26,183
flower,173.6,128.74,0,0.9,13
flower,172.64,127.09,0,1.22,55
flower,172.6,127.64,0,1.04,200
flower,172.95,137.12,0,1.01,213
flower,174.0,136.28,0,0.97,239
flower,157.94,161.31,0,1.35,5
flower,157.65,160.92,0,1.37,357
flower,158.0,160.34,0,1.29,341
flower,270.79,189.25,0,1.36,359
flower,272.74,189.13,0,1.37,94
flower,240.36,199.34,0,0.94,86
flower,239.94,198.88,0,1.0,284
flower,240.38,199.32,0,1.22,29
flower,240.99,198.9,0,1.14,286
flower,285.52,198.67,0,1.36,265
flower,285.75,199.93,0,0.98,201
flower,285.4,199.91,0,1.05,72
flower,285.16,198.68,0,1.27,194
flower,259.11,206.25,0,1.32,187
flower,259.08,206.56,0,1.0,70
flower,254.21,214.49,0,1.3,83
flower,252.54,216.15,0,1.03,78
flower,253.13,214.15,0,1.15,235
flower,182.52,230.16,0,1.37,139
flower,182.53,231.07,0,1.03,62
flower,181.7,229.58,0,1.29,108
flower,182.23,231.34,0,1.13,52
flower,188.11,253.29,0,1.21,34
flower,186.64,255.08,0,1.16,46
flower,185.75,254.17,0,1.09,303
flower,187.04,253.37,0,1.06,356
poppy,182.03,284.92,0,1.0,80
poppy,181.02,285.97,0,1.06,303
poppy,182.32,285.38,0,1.18,146
poppy,176.19,288.69,0,1.34,308
poppy,173.79,287.24,0,1.22,25
poppy,171.7,290.29,0,0.99,287
poppy,170.18,288.99,0,1.15,232
poppy,169.63,290.51,0,1.26,232
poppy,169.76,288.56,0,0.97,200
poppy,180.29,289.65,0,1.26,31
poppy,179.04,290.73,0,1.12,215
poppy,178.93,290.59,0,1.22,211
poppy,178.97,289.95,0,1.09,70
poppy,180.11,291.27,0,1.13,144
poppy,181.88,288.52,0,1.33,179
poppy,187.81,292.29,0,1.17,6
poppy,187.43,291.32,0,1.07,66
poppy,189.56,292.78,0,0.97,225
poppy,188.48,291.31,0,1.29,5
poppy,190.11,289.35,0,0.93,128
poppy,188.8,289.28,0,0.91,144
poppy,189.86,288.19,0,1.25,195
poppy,196.27,291.27,0,1.07,246
poppy,195.74,290.9,0,0.98,246
poppy,170.76,294.05,0,0.9,20
poppy,171.54,293.53,0,1.3,197
poppy,169.88,293.33,0,0.99,212
poppy,170.46,293.79,0,1.26,192
poppy,173.63,292.13,0,1.38,335
poppy,171.8,290.45,0,1.37,313
poppy,173.62,292.62,0,1.14,249
poppy,174.34,292.88,0,1.13,43
poppy,177.63,292.68,0,1.28,279
poppy,178.98,292.54,0,1.28,339
poppy,178.84,292.2,0,1.32,189
poppy,180.2,291.39,0,1.33,227
poppy,180.47,293.22,0,1.37,181
poppy,181.92,292.53,0,1.11,207
poppy,185.66,295.05,0,1.32,173
poppy,187.92,292.74,0,1.34,17
poppy,190.56,294.57,0,1.37,64
poppy,190.57,293.7,0,1.14,19
poppy,195.34,294.94,0,1.05,121
poppy,194.27,294.41,0,1.25,169
poppy,198.63,292.68,0,1.23,141
poppy,197.82,291.55,0,1.39,279
poppy,199.39,293.12,0,1.35,172
poppy,197.19,292.92,0,1.06,213
poppy,163.95,296.95,0,1.05,172
poppy,163.44,297.01,0,1.11,158
poppy,168.11,294.48,0,1.36,75
poppy,168.72,296.17,0,1.08,21
poppy,168.98,295.4,0,0.98,98
poppy,171.44,297.28,0,1.24,355
poppy,173.6,294.77,0,1.07,57
poppy,173.64,295.29,0,1.39,105
poppy,172.2,295.09,0,1.4,57
poppy,173.69,295.71,0,1.2,120
poppy,174.46,296.84,0,1.3,344
poppy,172.66,295.94,0,0.95,225
poppy,177.19,294.6,0,1.19,133
poppy,176.72,294.72,0,1.22,111
poppy,176.88,294.29,0,1.05,24
poppy,182.59,294.74,0,1.08,284
poppy,181.64,295.79,0,1.25,48
poppy,188.94,294.33,0,1.04,18
poppy,188.76,295.55,0,1.37,340
poppy,189.34,295.23,0,1.25,223
poppy,187.44,296.63,0,1.39,32
poppy,194.21,294.45,0,1.14,204
poppy,193.96,294.77,0,1.31,69
poppy,192.04,295.25,0,1.29,53
poppy,192.64,294.96,0,1.33,0
poppy,201.09,297.06,0,1.13,218
poppy,201.9,296.6,0,1.17,146
poppy,165.54,297.93,0,1.27,75
poppy,165.26,297.14,0,0.92,344
poppy,165.69,298.04,0,1.21,256
poppy,169.16,296.91,0,1.15,264
poppy,169.55,299.35,0,1.39,95
poppy,171.2,297.95,0,1.22,319
poppy,172.14,297.17,0,1.05,326
poppy,176.91,297.81,0,1.29,250
poppy,175.68,299.74,0,1.19,347
poppy,176.08,299.15,0,1.36,76
poppy,174.85,298.0,0,1.03,103
poppy,178.53,298.63,0,1.01,64
poppy,178.61,297.35,0,0.92,77
poppy,178.57,298.17,0,1.07,228
poppy,181.3,299.84,0,1.19,26
poppy,182.81,298.63,0,1.37,283
poppy,182.54,300.15,0,0.9,114
poppy,182.11,299.02,0,0.95,3
poppy,188.38,297.61,0,1.13,242
poppy,188.52,297.39,0,0.94,182
poppy,190.42,299.48,0,1.32,123
poppy,190.39,299.85,0,0.91,112
poppy,191.08,299.14,0,1.0,65
poppy,200.61,297.92,0,0.96,54
poppy,200.15,298.59,0,0.99,270
poppy,202.52,298.05,0,1.33,144
poppy,202.66,296.26,0,1.14,91
poppy,167.14,301.7,0,1.0,356
poppy,166.97,301.4,0,1.39,93
poppy,170.28,300.1,0,1.0,57
poppy,172.27,300.36,0,1.36,93
poppy,171.98,302.43,0,0.91,292
poppy,174.12,301.75,0,1.0,108
poppy,174.25,300.74,0,1.03,235
poppy,179.87,300.89,0,1.28,345
poppy,179.27,301.2,0,1.03,86
poppy,179.95,301.83,0,1.24,198
poppy,181.02,301.43,0,1.23,124
poppy,186.9,301.57,0,0.95,200
poppy,188.0,301.11,0,1.25,250
poppy,187.18,300.53,0,1.09,145
poppy,187.14,301.4,0,1.31,262
poppy,190.15,302.01,0,0.94,22
poppy,191.26,300.6,0,1.32,20
poppy,193.11,300.03,0,0.99,25
poppy,191.12,301.41,0,1.24,6
poppy,193.43,301.89,0,0.93,315
poppy,191.86,300.56,0,1.38,251
flower,151.64,304.29,0,1.22,349
flower,151.69,303.83,0,1.15,278
flower,152.73,304.35,0,1.29,281
poppy,160.53,305.5,0,1.27,127
poppy,160.41,304.21,0,1.18,300
poppy,162.42,305.44,0,0.99,186
poppy,161.32,305.78,0,1.07,345
poppy,163.38,305.92,0,1.17,281
poppy,173.87,302.27,0,1.19,242
poppy,174.61,303.49,0,1.01,31
poppy,174.67,303.8,0,0.92,63
poppy,182.71,305.37,0,1.01,274
poppy,182.03,304.15,0,0.93,276
poppy,181.52,305.82,0,1.32,293
poppy,185.34,303.26,0,1.38,87
poppy,185.12,305.38,0,1.1,253
poppy,185.31,304.96,0,1.25,1
poppy,193.6,301.98,0,1.03,33
poppy,193.12,303.85,0,0.97,86
poppy,193.83,304.05,0,1.25,115
poppy,191.88,303.63,0,0.91,106
poppy,199.68,303.57,0,1.03,242
poppy,199.65,305.54,0,1.23,328
poppy,163.17,306.77,0,1.05,88
poppy,161.35,305.7,0,1.16,191
poppy,161.84,307.63,0,1.02,254
poppy,160.66,307.82,0,1.12,27
poppy,167.06,308.07,0,0.97,57
poppy,167.51,307.13,0,1.15,307
poppy,167.1,309.25,0,0.91,194
poppy,168.36,304.99,0,0.95,50
poppy,166.16,306.55,0,1.34,167
poppy,165.85,304.48,0,1.15,14
poppy,167.96,305.32,0,1.19,58
poppy,169.61,307.15,0,0.9,7
poppy,171.18,307.18,0,1.34,96
poppy,170.96,305.44,0,0.94,187
poppy,174.31,306.55,0,1.17,108
poppy,173.34,308.88,0,1.14,303
poppy,176.85,309.13,0,1.09,330
poppy,177.65,306.92,0,1.26,321
poppy,178.16,309.19,0,1.31,221
poppy,176.88,308.08,0,1.08,229
poppy,180.32,307.28,0,1.04,117
poppy,181.54,306.59,0,1.35,231
poppy,180.2,307.35,0,1.15,269
poppy,185.7,306.03,0,0.99,140
poppy,183.2,305.03,0,1.19,32
poppy,186.43,308.24,0,1.13,168
poppy,187.42,307.32,0,1.0,305
poppy,191.31,308.69,0,1.22,260
poppy,191.45,306.51,0,1.28,169
poppy,196.8,307.06,0,1.32,294
poppy,196.3,305.54,0,1.15,41
poppy,200.23,305.3,0,1.08,52
poppy,198.46,306.98,0,1.21,324
poppy,167.56,311.67,0,0.93,320
poppy,168.31,311.93,0,0.97,84
poppy,169.45,308.6,0,1.1,156
poppy,170.35,307.07,0,0.9,284
poppy,168.31,308.17,0,1.36,9
poppy,172.43,309.3,0,1.04,262
poppy,172.64,310.15,0,1.05,47
poppy,171.72,311.05,0,1.32,85
poppy,172.99,310.53,0,1.16,15
poppy,176.23,311.27,0,1.13,29
poppy,176.7,309.05,0,1.14,326
poppy,176.7,309.69,0,1.38,83
poppy,176.78,309.63,0,0.91,254
poppy,178.98,310.11,0,1.12,110
poppy,186.18,310.15,0,1.39,321
poppy,186.25,310.81,0,0.99,184
poppy,185.09,310.4,0,1.13,82
poppy,192.2,310.86,0,1.11,139
poppy,192.71,310.59,0,1.31,234
poppy,194.69,309.58,0,0.93,178
poppy,196.14,310.75,0,1.06,14
flower,242.53,308.42,0,0.95,257
flower,243.73,308.43,0,1.15,324
flower,241.72,307.54,0,1.01,336
flower,244.16,309.43,0,1.4,172
poppy,170.8,311.74,0,1.03,226
poppy,171.46,310.99,0,0.92,271
poppy,171.89,312.14,0,1.21,192
poppy,171.9,313.76,0,1.17,338
poppy,175.24,312.27,0,1.09,280
poppy,175.2,312.8,0,1.05,5
poppy,177.52,311.75,0,0.97,335
poppy,177.94,311.52,0,1.38,270
poppy,175.48,314.19,0,1.34,319
poppy,176.21,314.12,0,1.1,217
poppy,180.95,311.01,0,0.92,115
poppy,180.42,311.09,0,1.22,207
poppy,180.81,310.8,0,1.38,265
poppy,183.08,314.35,0,1.34,43
poppy,183.73,312.24,0,1.0,340
poppy,183.75,312.45,0,1.29,4
poppy,182.65,311.96,0,0.97,305
poppy,188.52,313.36,0,1.38,27
poppy,188.21,312.78,0,1.04,281
poppy,191.26,314.61,0,1.22,19
poppy,191.69,314.58,0,1.08,304
poppy,196.05,310.94,0,0.96,147
poppy,194.19,311.14,0,1.24,22
flower,215.4,312.33,0,1.05,300
flower,214.74,312.88,0,1.31,223
flower,216.68,312.98,0,1.08,97
flower,215.49,312.38,0,1.2,261
poppy,179.58,313.45,0,1.04,48
poppy,180.67,313.82,0,1.17,247
poppy,180.1,315.77,0,1.02,208
poppy,180.46,313.33,0,1.19,172
poppy,181.14,312.68,0,1.05,199
poppy,180.31,315.18,0,1.29,195
poppy,181.31,314.15,0,0.96,30
poppy,182.41,314.59,0,1.33,282
poppy,190.21,313.71,0,0.95,281
poppy,190.24,313.08,0,1.33,272
flower,185.67,329.36,0,1.03,353
flower,185.5,330.47,0,1.05,188
flower,187.0,329.35,0,0.92,347
flower,287.16,333.27,0,1.27,67
flower,287.96,335.75,0,0.94,59
flower,211.93,360.16,0,1.04,276
flower,209.66,360.45,0,1.2,224
flower,211.28,360.51,0,1.23,15
flower,179.45,364.33,0,1.05,119
flower,179.65,365.07,0,1.35,236
flower,179.15,365.67,0,1.25,242
flower,179.01,366.55,0,1.16,207
flower,264.65,389.3,0,1.26,271
flower,263.66,390.04,0,1.27,199
flower,264.28,389.4,0,0.96,78
flower,265.08,388.78,0,0.9,302
flower,259.88,396.7,0,1.27,248
flower,258.41,395.83,0,1.29,170
flower,298.77,396.53,0,1.15,88
flower,299.27,398.39,0,1.23,83
sunflower,166.78,-77.4,0,1.12,84
sunflower,169.63,-77.4,0,1.19,14
sunflower,171.23,-77.4,0,1.05,44
sunflower,173.02,-77.4,0,1.16,143
sunflower,174.7,-77.4,0,1.16,36
sunflower,176.05,-77.4,0,1.28,244
sunflower,177.61,-77.4,0,1.27,218
sunflower,180.97,-77.4,0,1.16,43
sunflower,158.77,-75.2,0,1.27,27
sunflower,161.72,-75.2,0,1.18,107
sunflower,168.1,-75.2,0,1.02,303
sunflower,169.97,-75.2,0,1.08,212
sunflower,171.6,-75.2,0,1.07,228
sunflower,173.13,-75.2,0,1.08,131
sunflower,174.69,-75.2,0,1.22,229
sunflower,176.14,-75.2,0,1.18,274
sunflower,177.95,-75.2,0,1.24,37
sunflower,179.37,-75.2,0,1.22,197
sunflower,181.16,-75.2,0,1.24,247
sunflower,149.13,-73.0,0,1.25,251
sunflower,150.79,-73.0,0,1.07,2
sunflower,152.11,-73.0,0,1.21,124
sunflower,155.55,-73.0,0,1.07,20
sunflower,158.41,-73.0,0,1.09,21
sunflower,160.13,-73.0,0,1.19,213
sunflower,161.89,-73.0,0,1.19,153
sunflower,163.22,-73.0,0,1.15,159
sunflower,165.19,-73.0,0,1.09,225
sunflower,166.66,-73.0,0,1.19,269
sunflower,169.91,-73.0,0,1.03,283
sunflower,171.38,-73.0,0,1.29,233
sunflower,172.99,-73.0,0,1.1,91
sunflower,174.5,-73.0,0,1.04,290
sunflower,176.4,-73.0,0,1.19,28
sunflower,177.71,-73.0,0,1.16,191
sunflower,179.46,-73.0,0,1.11,54
sunflower,181.13,-73.0,0,1.11,250
sunflower,144.32,-70.8,0,1.17,109
sunflower,150.58,-70.8,0,1.26,343
sunflower,152.07,-70.8,0,1.05,95
sunflower,155.54,-70.8,0,1.11,226
sunflower,158.48,-70.8,0,1.04,291
sunflower,161.69,-70.8,0,1.29,35
sunflower,163.5,-70.8,0,1.21,100
sunflower,165.16,-70.8,0,1.18,3
sunflower,166.68,-70.8,0,1.29,201
sunflower,169.87,-70.8,0,1.29,132
sunflower,171.53,-70.8,0,1.09,35
sunflower,172.92,-70.8,0,1.25,324
sunflower,174.47,-70.8,0,1.16,127
sunflower,176.27,-70.8,0,1.13,98
sunflower,179.49,-70.8,0,1.08,208
sunflower,180.82,-70.8,0,1.06,5
sunflower,134.69,-68.6,0,1.18,265
sunflower,136.39,-68.6,0,1.14,175
sunflower,142.56,-68.6,0,1.03,122
sunflower,144.21,-68.6,0,1.17,173
sunflower,145.87,-68.6,0,1.16,43
sunflower,147.27,-68.6,0,1.09,226
sunflower,148.81,-68.6,0,1.06,135
sunflower,150.76,-68.6,0,1.24,225
sunflower,152.15,-68.6,0,1.17,289
sunflower,153.68,-68.6,0,1.1,72
sunflower,155.57,-68.6,0,1.12,84
sunflower,157.14,-68.6,0,1.04,180
sunflower,158.76,-68.6,0,1.01,215
sunflower,160.25,-68.6,0,1.03,351
sunflower,161.8,-68.6,0,1.27,24
sunflower,169.68,-68.6,0,1.01,148
sunflower,172.93,-68.6,0,1.04,146
sunflower,174.67,-68.6,0,1.0,98
sunflower,137.78,-66.4,0,1.03,85
sunflower,142.67,-66.4,0,1.01,138
sunflower,144.23,-66.4,0,1.15,245
sunflower,145.92,-66.4,0,1.07,303
sunflower,147.31,-66.4,0,1.25,29
sunflower,148.83,-66.4,0,1.05,98
sunflower,150.72,-66.4,0,1.08,149
sunflower,152.28,-66.4,0,1.16,19
sunflower,153.9,-66.4,0,1.02,337
sunflower,156.88,-66.4,0,1.12,152
sunflower,158.4,-66.4,0,1.25,113
sunflower,166.76,-66.4,0,1.28,71
sunflower,168.05,-66.4,0,1.29,265
sunflower,169.78,-66.4,0,1.24,135
sunflower,171.45,-66.4,0,1.02,18
sunflower,174.52,-66.4,0,1.21,176
sunflower,176.36,-66.4,0,1.08,121
sunflower,177.91,-66.4,0,1.29,71
sunflower,179.45,-66.4,0,1.19,156
sunflower,181.04,-66.4,0,1.2,63
sunflower,182.7,-66.4,0,1.23,165
sunflower,136.2,-64.2,0,1.18,164
sunflower,137.73,-64.2,0,1.05,175
sunflower,142.48,-64.2,0,1.07,103
sunflower,145.82,-64.2,0,1.1,86
sunflower,147.34,-64.2,0,1.15,345
sunflower,149.1,-64.2,0,1.12,18
sunflower,150.78,-64.2,0,1.0,249
sunflower,152.02,-64.2,0,1.21,85
sunflower,156.97,-64.2,0,1.05,22
sunflower,158.45,-64.2,0,1.29,107
sunflower,160.05,-64.2,0,1.02,72
sunflower,161.94,-64.2,0,1.06,55
sunflower,163.48,-64.2,0,1.09,249
sunflower,164.97,-64.2,0,1.18,10
sunflower,166.58,-64.2,0,1.12,281
sunflower,168.12,-64.2,0,1.08,310
sunflower,171.31,-64.2,0,1.26,247
sunflower,172.9,-64.2,0,1.17,172
sunflower,177.65,-64.2,0,1.29,45
sunflower,136.36,-62.0,0,1.05,147
sunflower,150.63,-62.0,0,1.22,31
sunflower,155.5,-62.0,0,1.18,197
sunflower,160.38,-62.0,0,1.05,300
sunflower,161.7,-62.0,0,1.09,30
sunflower,163.27,-62.0,0,1.14,220
sunflower,164.95,-62.0,0,1.18,77
sunflower,168.09,-62.0,0,1.15,328
sunflower,171.37,-62.0,0,1.07,86
sunflower,172.83,-62.0,0,1.11,359
sunflower,176.28,-62.0,0,1.27,47
sunflower,177.62,-62.0,0,1.09,323
sunflower,179.42,-62.0,0,1.03,190
sunflower,180.85,-62.0,0,1.04,113
sunflower,182.53,-62.0,0,1.21,207
sunflower,184.05,-62.0,0,1.0,153
sunflower,147.21,-59.8,0,1.08,231
sunflower,148.91,-59.8,0,1.29,173
sunflower,150.45,-59.8,0,1.18,332
sunflower,153.86,-59.8,0,1.09,346
sunflower,155.53,-59.8,0,1.13,131
sunflower,157.02,-59.8,0,1.24,174
sunflower,158.56,-59.8,0,1.19,13
sunflower,160.08,-59.8,0,1.17,336
sunflower,161.85,-59.8,0,1.22,103
sunflower,163.52,-59.8,0,1.17,89
sunflower,164.86,-59.8,0,1.2,136
sunflower,166.59,-59.8,0,1.08,151
sunflower,168.39,-59.8,0,1.03,243
sunflower,169.85,-59.8,0,1.18,87
sunflower,172.8,-59.8,0,1.15,299
sunflower,174.51,-59.8,0,1.02,224
sunflower,177.78,-59.8,0,1.19,265
sunflower,179.2,-59.8,0,1.1,150
sunflower,180.82,-59.8,0,1.17,112
sunflower,137.69,-57.6,0,1.17,195
sunflower,139.47,-57.6,0,1.26,258
sunflower,144.21,-57.6,0,1.17,174
sunflower,145.89,-57.6,0,1.26,105
sunflower,147.25,-57.6,0,1.29,209
sunflower,148.86,-57.6,0,1.19,345
sunflower,152.06,-57.6,0,1.09,104
sunflower,153.72,-57.6,0,1.15,335
sunflower,155.22,-57.6,0,1.12,50
sunflower,158.43,-57.6,0,1.28,356
sunflower,161.8,-57.6,0,1.07,18
sunflower,163.38,-57.6,0,1.28,352
sunflower,164.89,-57.6,0,1.17,256
sunflower,166.44,-57.6,0,1.13,159
sunflower,168.32,-57.6,0,1.23,187
sunflower,169.99,-57.6,0,1.03,173
sunflower,171.28,-57.6,0,1.28,7
sunflower,173.05,-57.6,0,1.04,343
sunflower,137.76,-55.4,0,1.02,353
sunflower,139.57,-55.4,0,1.19,265
sunflower,140.83,-55.4,0,1.08,153
sunflower,142.56,-55.4,0,1.29,89
sunflower,144.15,-55.4,0,1.15,193
sunflower,145.9,-55.4,0,1.25,130
sunflower,147.58,-55.4,0,1.2,109
sunflower,149.07,-55.4,0,1.15,96
sunflower,150.79,-55.4,0,1.0,317
sunflower,152.2,-55.4,0,1.19,40
sunflower,153.91,-55.4,0,1.09,175
sunflower,156.83,-55.4,0,1.18,129
sunflower,158.45,-55.4,0,1.09,7
sunflower,160.1,-55.4,0,1.06,273
sunflower,161.9,-55.4,0,1.29,79
sunflower,163.43,-55.4,0,1.16,72
sunflower,140.87,-53.2,0,1.22,181
sunflower,142.68,-53.2,0,1.06,305
sunflower,144.23,-53.2,0,1.17,45
sunflower,145.67,-53.2,0,1.08,180
sunflower,147.41,-53.2,0,1.26,186
sunflower,152.18,-53.2,0,1.16,50
sunflower,153.72,-53.2,0,1.14,204
sunflower,139.45,-51.0,0,1.25,219
sunflower,140.91,-51.0,0,1.26,283
sunflower,142.47,-51.0,0,1.24,42
