kind,x,z,y,scale,rot_deg
granite,139.6,-293.4,13.76,0.55,71
mossy,-224.3,-98.1,8.1,1.31,136
mossy,-272.0,-58.3,15.41,0.62,134
field,106.8,355.7,30.59,2.27,169
field,-37.6,329.6,24.97,2.48,88
granite,138.9,-386.6,12.64,2.59,17
field,72.4,361.2,29.45,0.83,195
field,109.2,411.7,77.21,2.15,147
mossy,-263.6,170.0,6.4,1.89,161
granite,133.3,-188.1,5.84,0.82,248
granite,175.4,-145.2,35.76,0.83,141
granite,267.5,-335.4,24.98,1.35,275
granite,287.4,-218.4,51.29,0.48,277
granite,135.0,-392.5,12.42,2.26,200
granite,147.3,-108.7,9.67,0.59,184
granite,130.7,-174.3,5.66,1.07,337
mossy,-247.5,-302.9,6.69,1.63,146
granite,157.5,-296.3,10.25,2.16,13
field,-56.6,225.9,22.15,2.12,273
mossy,-183.2,-393.0,7.6,1.53,261
mossy,-125.7,380.6,23.81,1.06,294
granite,156.6,-239.7,6.38,1.06,350
mossy,-257.8,-337.0,5.48,0.74,200
field,59.3,378.8,23.64,0.97,337
field,-78.1,330.1,24.27,1.02,190
granite,138.0,-153.3,16.89,0.55,121
mossy,-264.8,166.5,6.51,0.72,292
granite,-219.8,-75.6,5.88,0.89,121
mossy,-299.4,-159.5,31.11,1.98,162
granite,125.2,-20.8,6.75,2.57,46
granite,136.5,-255.9,5.97,1.29,143
granite,215.5,-322.4,16.16,2.41,149
mossy,-159.6,143.8,8.8,2.31,154
granite,112.2,384.7,34.51,0.43,5
granite,193.2,-191.0,14.27,1.4,317
field,-19.8,209.1,16.55,1.11,194
field,-93.9,376.6,31.69,1.34,259
granite,126.3,-167.0,1.6,2.26,214
mossy,-177.4,13.5,7.9,0.6,58
mossy,-255.9,243.2,13.94,0.88,179
granite,231.8,-243.4,14.83,1.1,319
granite,268.9,-387.6,18.58,0.41,50
granite,128.4,-349.1,2.67,2.74,253
granite,199.5,-459.5,13.99,0.74,152
mossy,-156.6,-314.1,10.23,1.94,152
granite,247.3,-133.6,13.99,0.44,183
mossy,-129.3,9.8,13.97,2.47,266
granite,296.1,-425.2,17.81,0.66,213
granite,292.5,-288.2,20.45,0.9,61
granite,287.8,-162.5,17.94,1.22,357
granite,278.9,-348.7,25.07,0.53,203
field,-33.0,246.1,24.09,2.37,51
field,-4.4,201.1,19.71,1.92,164
mossy,-248.5,186.3,5.8,2.05,243
granite,127.5,-49.2,8.12,1.68,58
granite,133.2,-343.2,7.77,0.65,297
granite,268.3,-140.8,36.64,0.68,263
granite,222.6,-171.4,14.08,1.83,204
mossy,-158.8,220.8,7.67,1.17,210
granite,281.3,-241.1,25.26,0.5,148
granite,296.2,-306.5,30.71,2.27,355
granite,136.7,-370.9,9.78,0.47,41
granite,250.9,-361.2,12.55,0.74,32
mossy,-257.0,232.9,18.59,2.3,352
granite,290.6,-307.1,28.31,1.38,7
field,104.0,391.9,32.8,1.19,297
granite,241.4,-450.8,16.32,1.38,304
mossy,-160.7,83.0,6.7,2.13,208
mossy,-293.2,-139.9,44.88,2.16,351
mossy,-215.9,-67.7,6.32,1.59,128
granite,-111.6,322.1,26.71,1.92,335
mossy,-256.5,-184.4,14.71,0.82,280
mossy,-151.5,-382.1,6.07,0.97,336
granite,222.6,-284.0,15.67,1.92,237
mossy,-126.3,163.9,9.71,1.22,3
mossy,-224.0,-39.8,7.23,0.66,139
mossy,-293.5,187.4,59.38,0.94,255
mossy,-274.5,-278.7,8.24,2.26,10
mossy,-274.0,-28.5,18.56,0.66,341
granite,9.0,194.8,18.65,1.11,106
granite,178.7,-169.3,14.47,2.24,316
granite,128.0,-353.0,2.7,2.48,206
field,68.4,249.3,25.19,2.4,195
granite,144.2,-227.4,4.52,0.83,303
mossy,-282.6,-117.8,40.15,1.53,292
mossy,-203.7,391.6,14.43,2.28,95
field,-78.6,203.3,16.44,1.58,237
mossy,-278.0,-366.0,16.8,1.18,271
field,-36.4,210.9,15.08,1.38,281
granite,255.0,-435.2,24.03,1.4,157
granite,130.2,-426.8,6.61,1.85,185
granite,274.7,-132.2,24.26,1.52,121
granite,154.0,-340.2,7.03,1.2,157
mossy,-224.4,-347.2,7.68,0.74,221
mossy,-266.9,79.0,13.56,1.09,205
mossy,-193.0,247.3,4.47,0.67,316
granite,275.6,-159.3,13.55,1.6,15
field,-53.2,419.2,78.83,2.58,172
granite,193.5,-181.5,13.98,1.21,0
granite,184.9,-104.8,8.36,2.75,55
granite,135.1,-353.3,9.49,2.16,288
field,-26.8,214.3,18.71,2.16,76
mossy,-187.8,335.4,7.56,0.47,126
granite,174.6,-233.4,12.43,1.89,87
granite,279.7,-164.9,14.64,2.09,97
granite,111.3,233.7,31.55,2.1,50
mossy,-277.5,-213.2,15.05,2.5,176
granite,145.3,-110.3,11.14,0.99,325
granite,256.6,-341.3,17.4,0.7,286
granite,224.8,-259.5,14.59,2.23,180
granite,189.4,-375.0,20.31,2.58,217
mossy,-279.6,366.4,7.98,1.43,274
granite,256.3,-341.3,17.15,0.76,352
granite,163.3,-278.8,12.27,0.66,104
mossy,-227.8,403.9,29.75,2.14,88
mossy,-142.9,41.0,7.31,1.78,311
granite,174.5,-284.1,15.04,2.64,61
granite,-50.2,189.8,14.17,1.51,213
granite,290.0,-160.1,15.0,0.93,236
granite,142.6,-121.7,9.51,2.56,125
granite,259.3,-428.1,24.54,0.43,349
granite,231.7,-245.4,15.24,2.35,97
mossy,-294.5,309.6,15.94,2.53,286
mossy,-170.5,312.4,7.91,1.33,42
granite,273.3,-316.0,25.25,1.75,225
granite,167.0,-202.3,17.17,0.55,144
granite,213.2,-110.7,8.85,1.66,157
granite,287.3,-304.3,25.28,1.02,83
mossy,-171.8,-449.1,13.85,1.58,243
mossy,-296.4,7.7,15.35,1.75,102
granite,190.3,-129.3,17.53,1.21,245
mossy,-246.8,-191.1,13.32,0.76,215
mossy,-162.6,-340.4,10.27,0.79,54
granite,163.1,-397.6,11.63,1.95,334
granite,295.1,-172.0,18.4,0.68,64
mossy,-284.8,-5.1,12.18,1.78,147
granite,173.2,-116.1,18.93,0.98,315
mossy,-216.5,-247.3,12.33,2.58,12
mossy,-261.5,-68.3,6.57,1.04,145
field,182.7,124.7,4.97,2.33,206
mossy,-130.6,-278.7,3.48,1.76,108
granite,289.1,-205.0,58.31,1.51,77
granite,179.2,-409.3,20.44,2.15,16
granite,132.3,-305.3,7.76,0.96,319
granite,145.2,-465.3,11.66,2.19,188
field,-57.5,226.6,22.54,0.59,295
mossy,-229.6,-40.8,8.1,1.11,38
granite,153.6,-338.1,7.1,0.43,249
mossy,-283.2,97.2,45.65,1.88,295
granite,296.1,-457.1,16.95,1.65,49
granite,191.5,-463.2,14.46,2.28,342
mossy,-288.5,-221.9,14.95,1.43,118
granite,182.6,-387.1,22.22,2.21,42
mossy,-260.3,-61.0,7.58,1.14,172
mossy,-128.7,-416.8,2.83,1.66,198
granite,275.0,-156.4,14.46,1.12,309
granite,235.1,-315.9,13.56,2.61,115
granite,202.0,-355.0,17.54,2.3,241
mossy,-208.1,-51.0,5.86,2.34,161
mossy,-202.1,-192.1,11.22,0.77,134
mossy,-138.9,341.4,7.87,1.3,192
granite,266.0,-176.7,14.75,0.89,242
granite,162.3,-156.6,15.5,2.36,146
granite,137.9,-218.3,7.12,0.98,280
mossy,-292.7,-324.1,5.64,0.66,207
mossy,-289.0,-6.9,21.21,0.45,24
granite,159.0,-442.9,13.33,1.03,139
granite,-41.2,194.0,18.07,0.64,139
field,34.2,211.3,16.47,2.03,64
field,219.2,389.3,4.75,0.99,26
field,158.5,258.9,18.18,1.67,157
granite,138.0,-386.9,13.32,2.27,196
granite,203.4,-124.9,17.29,0.83,318
mossy,-186.1,-211.7,14.07,2.56,47
granite,194.3,-313.9,14.35,0.92,17
mossy,-269.3,275.0,12.91,0.56,279
granite,266.4,-117.2,13.29,2.47,356
granite,75.8,195.4,18.83,1.26,205
granite,200.3,-452.6,14.94,1.94,169
granite,276.5,-306.9,21.77,1.18,172
granite,174.6,-149.2,34.51,0.6,345
granite,141.9,-200.5,9.25,2.79,115
granite,223.8,-172.8,14.08,0.99,103
mossy,-279.4,-45.3,33.08,1.46,306
field,80.8,404.5,37.15,1.87,297
mossy,-154.8,302.4,7.0,1.86,304
mossy,-272.9,109.4,30.02,1.04,244
granite,-115.2,188.8,25.17,1.77,52
mossy,-289.4,-364.4,23.31,1.59,252
mossy,-244.7,-229.4,9.2,2.37,218
mossy,-248.0,-450.7,5.89,0.45,30
granite,154.9,-421.3,9.15,1.77,93
mossy,-132.4,411.1,36.22,1.49,183
mossy,-144.8,176.3,11.55,2.01,284
field,104.4,227.3,30.88,2.21,152
field,-37.1,309.0,24.34,2.43,344
granite,290.4,-147.1,17.99,2.56,248
mossy,-254.5,-3.6,4.67,1.51,149
mossy,-138.1,345.9,8.24,0.89,358
mossy,-127.3,238.4,15.89,1.81,79
granite,10.2,-467.3,1.92,1.21,123
mossy,-126.8,395.7,33.88,1.25,11
field,-77.6,300.6,21.37,1.53,143
granite,231.6,-276.7,14.95,2.25,197
mossy,-267.4,62.9,14.05,0.61,294
mossy,-142.0,134.7,13.7,1.83,306
mossy,-261.8,27.0,5.68,0.72,79
granite,238.4,-298.9,12.39,1.64,329
granite,122.1,-370.6,-0.12,2.28,135
granite,-299.0,-72.8,18.02,0.65,110
field,12.7,316.6,24.72,1.07,162
granite,296.1,-257.1,20.81,1.24,215
mossy,-239.5,413.7,39.82,0.69,347
granite,155.4,-128.7,12.51,1.6,314
field,-108.9,400.1,67.02,2.39,219
granite,161.5,-222.8,10.93,1.15,37
granite,142.7,-449.6,8.3,2.33,174
granite,131.5,-392.5,7.08,1.58,317
granite,259.2,-344.3,16.27,0.61,145
granite,190.3,-246.7,11.72,0.67,40
field,123.2,187.4,16.09,1.96,322
granite,127.7,-176.4,2.73,1.2,343
granite,244.2,-151.1,16.21,1.92,130
granite,167.3,-374.2,13.61,0.45,201
field,64.4,388.7,25.68,1.82,104
granite,144.5,-413.9,6.9,0.52,171
mossy,-251.4,289.6,6.96,1.82,186
granite,233.9,-276.4,13.72,1.81,267
granite,280.0,-184.4,48.45,0.62,183
mossy,-156.0,-97.6,6.07,1.12,263
granite,286.6,-345.2,35.65,2.34,60
mossy,-151.8,374.9,8.59,2.07,8
mossy,-281.1,-153.0,36.3,1.74,308
granite,287.8,-252.8,21.46,1.27,42
granite,192.4,-370.0,19.09,0.6,233
mossy,-144.2,129.6,12.4,2.0,42
mossy,-158.2,403.1,38.64,0.87,122
granite,134.6,-384.9,11.88,2.27,126
granite,287.0,-146.0,18.56,0.92,164
granite,182.3,-437.6,13.05,0.75,357
granite,162.3,-257.3,12.86,0.78,344
granite,131.3,-128.0,10.08,1.46,28
granite,-35.1,189.0,13.02,1.82,190
mossy,-255.7,397.3,18.39,2.43,116
field,11.1,269.1,23.29,1.0,341
mossy,-147.7,380.9,16.11,1.77,300
mossy,-128.2,9.9,12.91,2.44,185
granite,-114.6,379.2,33.12,0.78,12
granite,281.5,-254.0,14.94,1.24,123
granite,139.1,-430.4,10.39,2.14,268
mossy,-270.4,106.1,25.39,1.63,215
granite,163.1,-459.8,11.47,1.8,183
granite,160.9,-201.4,16.09,1.57,5
mossy,-177.5,-319.6,16.8,1.4,357
field,-37.5,411.7,70.68,0.64,15
mossy,-279.5,80.4,28.98,2.28,62
granite,157.8,-256.4,13.09,0.59,238
granite,261.8,-414.4,26.06,0.85,327
granite,144.0,-278.2,11.13,2.61,16
mossy,-237.1,411.2,35.8,1.14,331
granite,171.8,-303.9,12.63,1.05,278
granite,296.5,-287.0,22.18,1.35,355
granite,233.8,-169.1,12.84,1.81,185
granite,298.9,-428.7,21.57,2.15,113
field,197.4,175.4,5.06,2.37,359
granite,134.3,-397.3,11.12,1.27,277
field,-37.1,227.7,25.64,2.36,340
field,105.6,227.8,33.26,0.43,142
granite,281.5,-263.2,12.91,0.7,339
mossy,-171.8,-173.5,11.88,0.76,40
granite,238.6,-246.0,19.93,2.5,113
mossy,-137.6,389.8,23.86,1.38,142
granite,273.6,-345.7,24.07,0.94,245
granite,141.4,-295.6,12.93,2.05,178
granite,176.1,-288.7,15.89,1.19,38
mossy,-276.2,-197.0,18.76,1.43,237
field,85.7,257.8,24.87,1.39,285
granite,152.6,-376.2,7.92,0.65,152
granite,191.5,-184.0,13.94,1.3,87
granite,199.1,-353.4,19.72,2.32,247
granite,139.6,-335.3,11.78,0.91,270
granite,158.0,-197.7,13.93,0.82,28
mossy,-270.0,-31.3,16.25,2.56,85
field,163.2,40.1,5.31,0.98,100
granite,128.7,-413.2,3.52,0.84,273
granite,-73.1,193.6,14.73,0.77,251
mossy,-293.0,95.0,44.48,1.92,157
granite,139.8,-417.1,10.05,1.21,222
granite,26.2,192.8,12.84,2.4,263
mossy,-173.8,303.0,11.74,1.64,6
mossy,-207.3,-257.5,14.08,0.72,102
field,-88.6,246.6,23.6,1.82,142
granite,233.8,-277.8,13.76,2.48,296
field,-4.1,314.4,24.54,1.75,62
granite,267.6,-383.5,18.24,0.49,248
mossy,-268.0,105.8,20.6,0.48,81
granite,296.7,-407.6,17.33,1.65,92
granite,138.3,-166.2,16.2,2.07,256
granite,170.0,-345.0,16.06,0.46,16
mossy,-283.5,-115.6,41.56,1.88,220
mossy,-156.1,-369.6,6.16,0.86,327
granite,199.6,-175.8,14.3,1.65,348
granite,240.3,-359.4,16.3,0.62,288
granite,174.1,-363.5,16.2,0.46,14
mossy,-159.7,-11.7,7.36,0.55,233
granite,293.2,-146.3,18.87,0.75,155
field,109.9,277.1,23.2,0.85,355
granite,129.8,-127.9,8.24,0.44,344
granite,70.5,187.5,18.46,2.33,184
field,-24.1,342.4,25.08,1.08,106
granite,270.5,-330.2,29.3,1.45,124
mossy,-196.1,417.5,59.58,1.84,164
field,-107.3,258.0,24.87,1.45,202
granite,177.4,-224.6,16.48,1.44,90
granite,153.4,-440.8,6.85,1.83,123
field,-39.4,236.8,25.09,0.59,142
granite,209.9,-331.2,14.88,2.36,125
granite,146.9,-98.0,7.31,1.72,191
mossy,-176.5,-297.8,6.65,0.56,301
granite,269.5,-190.9,16.95,0.88,19
granite,247.2,-367.0,22.08,2.27,254
granite,-123.2,96.8,3.88,2.62,134
mossy,-283.5,303.9,7.38,0.55,231
granite,-88.8,183.6,6.1,2.76,340
granite,281.6,-181.5,60.81,1.3,272
granite,135.4,-453.0,12.97,1.73,230
granite,299.3,-437.1,21.31,0.55,273
granite,263.8,-149.5,15.52,0.81,237
mossy,-280.6,-126.0,43.99,2.12,258
granite,123.4,-16.9,5.25,1.22,146
granite,232.6,-197.7,14.17,1.73,129
granite,295.8,-102.3,11.98,2.34,249
granite,249.8,-136.0,16.9,0.53,265
granite,197.5,-469.5,13.54,1.47,79
granite,280.9,-213.1,32.31,0.81,349
granite,-121.3,-468.3,6.18,0.55,150
mossy,-162.1,-309.4,12.07,0.86,71
mossy,-183.9,325.8,4.91,0.55,52
granite,179.0,-314.9,11.73,2.08,96
mossy,-155.9,-397.4,8.77,2.14,136
granite,-126.5,-16.1,7.96,2.69,303
field,-86.7,275.7,23.86,2.63,247
field,-105.2,308.4,20.26,0.96,329
mossy,-178.9,-372.6,7.82,0.67,263
granite,163.3,-177.2,14.1,1.87,322
mossy,-222.6,396.3,14.88,1.48,102
field,-77.3,299.6,21.18,2.57,259
mossy,-170.1,385.1,16.12,1.0,221
mossy,-139.1,-324.7,5.59,2.11,194
granite,154.6,-354.4,7.14,1.42,302
granite,271.7,-118.4,15.07,1.48,338
granite,157.1,-201.2,12.52,1.7,297
field,170.0,263.0,9.12,0.47,245
granite,-123.1,130.7,6.25,1.09,104
granite,164.4,-127.0,23.19,0.41,169
granite,168.0,-259.9,11.38,1.61,114
granite,183.1,-217.5,17.27,0.91,135
granite,138.0,-219.5,6.24,1.42,47
field,58.4,283.7,24.2,1.95,40
granite,196.8,-224.2,16.62,1.36,132
granite,130.3,-301.7,4.96,0.61,324
granite,186.7,-315.2,12.65,0.64,108
granite,235.1,-246.9,17.63,1.44,293
mossy,-253.4,368.7,9.01,1.28,168
field,-99.9,405.7,95.62,1.39,92
mossy,-165.5,-295.5,8.82,1.49,270
granite,113.6,217.5,32.44,0.63,260
mossy,-271.4,-165.3,10.73,0.41,86
mossy,-271.0,379.3,7.26,2.29,95
granite,203.6,-146.1,23.12,2.31,43
granite,264.0,-413.9,24.72,2.15,269
granite,298.0,-370.5,28.96,1.22,70
mossy,-264.9,55.4,8.58,0.6,344
granite,-72.1,187.7,10.71,1.59,228
granite,-120.5,-436.1,-0.04,1.48,237
mossy,-141.0,-3.3,10.85,2.57,1
granite,229.5,-127.0,12.57,1.02,302
granite,-110.9,261.0,22.86,0.51,128
field,87.3,404.6,39.79,2.23,327
granite,158.5,-362.9,12.68,0.86,323
granite,257.2,-109.5,7.75,1.08,116
granite,131.8,-126.7,11.96,2.65,221
granite,159.9,-211.7,14.17,1.73,2
granite,297.7,-113.9,25.73,0.52,251
mossy,-222.5,-121.9,9.17,1.9,221
field,186.0,119.0,5.37,2.1,232
granite,218.5,-124.9,14.2,2.31,168
mossy,-291.8,-232.9,15.38,1.35,188
granite,143.9,-351.2,8.4,0.49,310
granite,286.3,-164.7,21.26,2.6,277
granite,155.6,-115.1,7.68,0.94,344
granite,281.1,-463.6,15.76,2.07,111
granite,215.0,-362.7,24.48,1.77,224
field,106.8,389.6,34.63,1.65,189
granite,168.5,-454.8,15.77,0.44,315
granite,192.0,-437.9,23.2,2.64,203
granite,157.6,-404.1,7.02,1.83,346
field,196.2,378.4,3.79,1.32,318
mossy,-223.6,-141.0,7.3,2.52,128
granite,-123.3,-16.4,5.68,1.82,215
granite,-27.1,185.2,9.58,1.76,239
granite,-49.1,-455.5,-1.25,1.1,213
granite,298.0,-206.0,41.4,1.86,218
field,94.2,404.8,42.95,0.83,135
granite,225.9,-458.0,14.28,0.43,202
granite,130.9,-394.1,5.6,0.53,127
mossy,-278.6,90.9,38.34,2.55,323
granite,33.1,187.4,8.8,2.34,96
granite,-126.5,-447.7,3.44,0.91,264
granite,285.3,-131.2,28.98,2.72,188
granite,116.0,313.8,21.41,1.74,79
mossy,-190.3,-307.4,6.88,0.55,250
granite,139.9,-333.1,11.45,0.43,330
granite,249.1,-290.3,13.05,1.63,24
granite,-114.0,233.6,30.45,0.75,338
granite,130.8,-144.4,9.35,0.96,185
granite,153.9,-431.0,9.13,1.94,171
granite,202.4,-141.5,23.72,0.58,217
granite,160.9,-449.4,11.81,0.68,254
granite,-42.0,189.9,14.48,0.89,120
mossy,-263.3,112.6,9.84,2.12,203
field,92.5,375.0,25.63,2.44,305
field,52.4,370.2,24.42,1.09,349
granite,135.3,-266.5,5.67,1.13,107
mossy,-260.4,410.4,39.0,0.86,144
mossy,-282.1,-385.2,9.78,2.31,242
granite,275.9,-226.1,22.1,2.28,348
granite,281.9,-407.6,14.61,2.18,62
mossy,-297.9,-178.8,27.63,2.43,45
granite,-121.9,126.6,5.58,0.83,62
granite,280.5,-237.2,25.28,2.23,308
granite,278.1,-149.4,26.37,1.38,67
granite,-126.2,7.7,10.56,1.52,232
granite,189.0,-135.4,23.21,2.32,71
mossy,-137.7,198.5,14.29,2.7,55
mossy,-131.4,240.6,13.02,1.66,65
field,-101.8,376.2,29.66,1.05,52
field,85.3,390.5,24.52,1.56,39
granite,202.4,-145.2,24.38,2.19,295
mossy,-181.7,348.3,4.37,2.23,111
granite,156.3,-423.5,11.07,0.82,98
granite,300.0,-402.5,18.19,2.39,335
granite,281.6,-148.1,20.71,2.53,211
granite,262.7,-239.8,13.25,2.57,151
granite,136.8,-195.2,8.53,1.02,354
mossy,-294.5,163.4,48.92,0.99,262
granite,280.4,-234.5,27.76,1.34,244
field,-102.3,327.5,30.39,2.77,29
granite,146.8,-465.2,8.9,0.92,217
granite,162.0,-427.0,14.41,2.5,27
granite,-116.8,356.9,21.89,1.53,204
mossy,-191.9,399.2,30.06,2.43,278
granite,177.4,-132.7,23.0,1.84,247
mossy,-180.8,290.0,8.06,1.63,29
field,-72.1,367.3,26.02,2.31,55
granite,153.8,-200.1,8.52,0.52,0
granite,296.9,-195.4,41.13,1.55,54
granite,283.4,-255.4,14.65,0.66,266
granite,284.0,-115.1,18.1,1.06,58
mossy,-159.4,-191.6,11.72,1.96,29
granite,297.2,-187.4,41.24,1.2,356
mossy,-265.1,394.8,16.85,2.09,306
mossy,-285.6,147.5,22.29,1.19,341
granite,125.1,-1.2,5.94,0.75,134
mossy,-172.6,-441.9,13.97,0.49,357
mossy,-276.7,141.4,10.62,1.59,172
mossy,-127.9,273.4,12.36,2.72,99
mossy,-129.7,228.1,12.43,1.69,357
granite,159.2,-197.3,15.1,2.54,82
mossy,-130.4,401.9,38.22,2.49,62
granite,193.8,-172.9,14.5,0.98,172
granite,178.9,-133.8,22.89,1.89,200
granite,192.8,-346.4,19.99,2.12,23
granite,261.7,-389.6,25.15,1.58,68
granite,-282.1,-86.8,10.64,0.47,202
mossy,-215.1,-227.6,10.97,2.52,51
mossy,-147.3,287.3,7.34,1.58,108
mossy,-263.1,377.0,6.65,2.53,220
granite,141.2,-286.3,11.79,1.92,159
granite,298.6,-360.7,33.4,0.64,26
mossy,-291.3,365.9,19.85,1.27,149
field,49.0,224.6,20.67,0.51,186
mossy,-119.6,189.6,28.31,2.33,187
mossy,-296.4,-237.8,21.5,0.68,69
granite,138.1,-299.5,14.98,1.67,180
granite,220.7,-360.2,20.72,0.79,111
granite,254.9,-135.5,19.83,0.73,45
field,-1.2,326.4,24.74,1.93,317
mossy,-237.1,284.1,4.67,2.71,305
granite,-53.6,186.1,9.17,1.66,235
mossy,-256.3,-6.7,4.94,1.96,0
mossy,-185.1,-49.0,6.47,1.81,324
mossy,-273.8,-99.6,14.93,1.06,250
granite,131.1,-332.5,5.93,2.29,263
granite,129.8,-199.7,2.95,0.56,45
mossy,-271.2,-327.8,3.35,1.1,124
granite,264.4,-372.0,14.24,0.47,152
granite,203.8,-356.3,16.91,1.64,272
mossy,-129.3,-329.3,2.53,2.03,127
field,12.5,216.6,24.0,2.46,154
field,2.9,215.8,23.84,2.49,350
granite,279.7,-185.8,42.86,0.97,355
field,-109.5,417.5,95.72,0.63,246
mossy,-283.7,-245.6,8.45,2.32,45
mossy,-208.8,-24.6,6.88,0.55,316
field,-107.0,271.5,27.22,1.81,91
granite,268.9,-129.7,18.68,1.19,88
mossy,-264.4,123.2,9.03,2.56,119
mossy,-122.0,335.2,20.24,0.43,73
mossy,-199.3,407.7,46.4,2.68,23
mossy,-253.3,-226.6,12.07,2.17,81
field,109.9,235.6,33.05,2.0,167
granite,134.3,-386.6,10.4,1.59,328
granite,290.6,-240.5,52.68,0.7,308
granite,153.2,-328.1,6.82,0.59,23
granite,226.5,-136.9,13.95,2.64,135
granite,132.7,-443.9,10.57,1.34,94
mossy,-254.0,258.6,10.38,0.43,277
granite,143.7,-212.5,8.2,2.31,11
granite,289.4,-188.0,67.64,2.6,171
mossy,-147.1,-179.0,6.28,1.89,7
granite,199.6,-141.7,25.07,2.11,352
mossy,-291.7,196.5,58.59,1.13,180
mossy,-220.6,-164.5,8.74,2.16,83
mossy,-184.8,336.7,5.27,2.25,301
mossy,-130.6,270.2,10.74,0.93,266
granite,246.8,-136.1,14.86,1.17,102
mossy,-262.9,-355.8,6.12,1.4,225
granite,231.1,-236.1,13.93,1.44,83
field,76.1,401.5,34.14,0.47,17
field,71.8,386.2,24.14,2.71,288
granite,237.4,-247.2,19.19,1.75,184
granite,296.1,-376.7,24.83,1.73,33
granite,121.1,-429.4,-0.18,1.8,99
field,54.8,410.0,70.9,1.21,33
mossy,-229.4,-154.5,6.88,2.6,197
granite,225.7,-365.3,26.32,2.51,219
granite,204.0,-357.2,17.32,2.69,226
field,-45.4,368.8,24.71,1.04,55
granite,58.8,181.6,10.57,2.67,352
granite,-114.8,315.5,24.92,1.61,89
granite,230.2,-342.6,14.02,1.45,338
granite,159.1,-276.5,7.98,2.39,11
mossy,-137.3,330.1,7.64,1.24,272
field,187.7,-39.2,5.48,2.32,163
field,-52.1,419.2,79.43,1.24,306
field,-105.8,201.4,27.77,1.44,227
granite,-115.6,365.1,26.82,0.69,141
mossy,-268.3,-191.8,19.39,2.66,338
mossy,-294.4,272.0,37.61,2.07,265
mossy,-151.7,399.6,33.69,0.57,96
mossy,-289.2,-102.4,23.16,1.68,275
granite,171.8,-269.0,14.11,0.73,148
mossy,-277.9,-122.8,40.39,2.77,329
mossy,-198.2,-7.4,7.46,0.61,87
granite,157.9,-440.7,13.12,1.28,140
mossy,-290.9,350.2,9.34,1.52,212
granite,281.1,-306.7,24.28,1.51,42
mossy,-127.7,-139.6,2.48,2.08,174
granite,267.1,-309.1,18.42,1.13,10
granite,130.1,-285.0,3.39,0.81,127
mossy,-121.7,180.0,5.04,0.63,356
mossy,-128.5,-65.8,10.98,0.86,103
granite,265.4,-424.8,18.48,0.89,190
mossy,-183.3,389.3,16.87,0.8,305
granite,298.5,-188.4,35.29,0.92,257
granite,-108.1,188.9,22.17,2.09,11
mossy,-170.7,143.8,6.72,0.67,11
granite,299.8,-172.1,13.61,2.11,178
granite,172.3,-361.4,16.2,2.3,167
granite,154.0,-214.0,6.84,1.93,66
granite,157.5,-306.9,13.19,0.65,139
granite,157.8,-283.6,6.57,0.67,5
mossy,-281.6,7.6,4.83,2.23,347
granite,233.0,-361.6,23.82,0.67,128
mossy,-220.0,98.8,5.44,2.74,41
granite,57.0,183.6,9.52,1.46,333
granite,116.0,336.1,24.94,1.16,245
field,-66.7,214.1,15.72,1.09,351
field,-29.9,293.0,23.46,2.51,118
mossy,-265.4,218.5,30.87,1.02,183
granite,-116.5,370.8,27.28,0.95,29
granite,162.4,-116.7,15.32,0.99,348
mossy,-248.5,-321.3,6.82,1.18,14
mossy,-279.8,-157.7,25.69,2.04,12
mossy,-245.9,44.4,5.75,2.33,74
granite,189.7,-250.5,11.41,0.74,318
granite,259.8,-224.7,12.85,2.54,129
granite,278.4,-332.9,33.71,2.71,228
mossy,-216.0,3.8,8.99,1.8,106
mossy,-208.3,297.1,7.13,1.64,118
granite,174.7,-466.5,15.53,0.55,280
granite,200.5,-149.1,26.5,1.12,313
granite,292.0,-343.0,40.78,2.03,107
granite,-64.9,186.5,7.49,1.2,337
granite,250.5,-375.0,25.89,2.54,217
mossy,-292.7,65.9,36.8,0.66,348
field,-77.9,253.6,23.3,0.85,68
granite,264.6,-301.8,15.34,1.12,244
field,25.8,272.1,23.49,1.39,181
mossy,-194.1,101.0,5.8,2.76,73
mossy,-196.9,419.6,62.46,1.49,320
granite,285.9,-228.6,49.95,1.39,242
mossy,-268.0,237.4,38.33,0.92,94
granite,291.2,-169.8,20.61,1.74,270
field,-10.1,246.4,23.45,2.03,105
granite,251.7,-215.5,12.98,2.04,5
granite,133.8,-153.0,13.63,0.52,208
mossy,-191.3,393.2,18.91,0.62,51
mossy,-136.3,318.3,8.22,0.48,106
field,106.6,201.8,35.24,2.43,187
granite,238.3,-305.2,12.4,0.69,288
mossy,-133.4,413.3,35.49,2.33,145
granite,273.9,-208.8,21.03,1.24,56
field,-62.8,389.6,35.23,0.67,216
granite,157.8,-195.9,14.25,2.36,124
granite,230.4,-204.9,14.14,2.31,230
granite,199.5,-347.2,19.09,0.55,355
field,-84.4,379.7,32.2,0.41,183
granite,268.1,-251.6,21.05,2.53,12
granite,98.3,192.7,24.32,0.42,296
field,100.3,388.8,30.74,2.28,17
mossy,-282.0,-345.7,5.9,1.99,356
granite,164.7,-156.3,19.75,0.48,352
granite,146.4,-120.1,6.64,2.41,99
mossy,-164.2,-66.1,5.78,1.52,162
granite,266.7,-112.8,11.28,2.12,212
field,-94.6,395.3,74.03,1.44,122
mossy,-239.8,370.8,9.23,0.78,0
mossy,-135.6,-249.9,6.01,0.59,275
granite,225.4,-465.6,12.89,0.42,61
granite,-66.3,190.9,12.15,0.8,226
mossy,-130.9,89.4,12.45,0.45,0
granite,246.0,-440.9,24.23,0.93,34
mossy,-160.4,161.3,7.52,0.81,71
granite,235.9,-184.5,14.16,0.48,191
granite,270.4,-464.6,16.0,2.35,168
field,244.7,139.1,9.71,2.35,276
mossy,-248.6,255.6,8.24,1.32,88
mossy,-140.1,78.4,11.35,0.5,33
granite,127.3,-469.7,11.69,1.92,284
granite,166.5,-258.8,11.29,1.17,112
mossy,-298.0,41.2,24.43,1.63,71
mossy,-233.3,13.6,6.1,1.22,238
granite,121.2,107.8,4.62,0.69,220
mossy,-130.6,-253.9,3.94,1.7,54
granite,218.5,-130.8,13.99,1.31,48
granite,286.9,-256.1,16.16,1.62,202
granite,154.1,-385.9,6.89,1.09,112
mossy,-130.0,82.7,12.63,0.66,255
granite,243.0,-147.9,15.62,1.15,318
mossy,-252.6,398.7,21.69,1.48,276
granite,254.6,-374.4,21.85,0.99,6
granite,202.3,-441.8,24.9,1.03,35
granite,162.9,-177.0,14.1,1.32,286
granite,299.9,-210.9,33.37,2.44,51
mossy,-299.1,1.1,25.97,2.24,107
granite,223.5,-358.7,19.24,0.43,52
mossy,-144.1,108.6,12.45,2.13,80
field,41.6,280.7,24.3,1.1,55
granite,-127.3,-362.1,1.59,0.79,115
field,224.5,-41.8,4.36,1.18,216
mossy,-245.2,-193.3,12.03,2.0,174
mossy,-155.3,398.3,33.31,0.73,60
mossy,-140.3,91.3,12.61,0.93,77
granite,263.2,-179.7,15.99,0.75,248
granite,144.9,-204.6,6.81,1.91,251
mossy,-291.8,351.2,10.57,1.84,115
granite,273.3,-304.3,18.68,1.9,69
granite,272.8,-139.3,30.59,1.11,302
mossy,-278.0,185.6,32.75,1.99,117
mossy,-266.4,-179.6,13.1,2.19,170
granite,284.5,-246.6,31.13,1.91,228
granite,159.5,-416.2,11.39,1.02,36
mossy,-142.2,-144.8,6.04,0.49,93
granite,280.8,-343.3,31.44,2.4,191
mossy,-179.9,309.3,6.92,1.68,15
granite,261.4,-241.7,17.36,1.92,148
granite,-123.9,69.9,8.15,1.06,32
granite,239.3,-325.1,14.48,2.14,35
granite,143.3,-407.3,11.23,1.05,14
field,47.0,258.4,25.3,2.01,351
granite,129.8,-467.2,12.88,1.41,182
mossy,-243.8,-27.6,5.61,0.6,248
granite,270.4,-258.4,19.65,0.83,358
granite,184.3,-421.2,25.33,2.59,304
field,95.9,394.8,27.38,0.61,22
mossy,-224.6,146.9,4.52,0.74,343
mossy,-158.0,-143.9,8.77,1.96,226
mossy,-228.0,138.4,4.19,2.26,231
granite,259.5,-451.7,16.27,1.77,339
mossy,-242.3,207.2,6.72,2.21,188
mossy,-231.9,207.4,6.05,1.68,148
granite,270.7,-110.9,11.01,1.84,312
granite,293.8,-347.2,37.46,1.21,233
mossy,-271.7,-123.4,34.77,2.59,339
granite,272.0,-264.1,14.24,0.89,28
mossy,-130.4,-396.0,3.06,1.68,251
granite,154.1,-389.5,6.58,1.14,75
granite,263.8,-446.1,16.98,2.77,180
granite,274.7,-121.2,17.76,2.74,67
granite,280.2,-300.7,20.98,2.06,24
granite,154.7,-122.1,9.35,1.62,20
granite,131.3,-138.4,9.38,2.14,148
field,17.2,317.5,24.5,2.37,13
granite,166.4,-442.6,16.0,2.07,108
mossy,-133.8,-237.2,6.8,0.77,98
granite,253.2,-326.9,16.77,2.46,142
granite,261.3,-344.0,16.9,0.76,305
field,-89.0,263.2,24.26,1.01,265
granite,122.9,115.0,5.19,2.64,106
mossy,-219.3,70.1,6.72,1.45,202
granite,155.0,-443.8,7.96,1.79,289
mossy,-286.0,-372.0,22.65,1.57,234
mossy,-260.5,209.5,31.88,0.87,169
granite,288.0,-357.2,25.03,2.55,268
granite,168.9,-113.4,16.07,0.75,188
field,296.6,-15.7,8.44,1.76,239
field,-106.4,215.8,33.7,0.7,237
granite,232.0,-451.4,17.87,1.0,106
mossy,-291.3,-35.5,32.94,2.36,275
granite,294.9,-177.7,27.72,2.53,178
mossy,-137.6,134.2,16.41,2.13,216
granite,25.5,-456.2,-1.18,1.25,12
mossy,-122.7,415.9,54.26,2.21,41
mossy,-159.1,-411.1,6.46,0.93,252
granite,190.7,-134.8,25.55,0.45,257
granite,155.0,-350.3,7.04,1.09,104
granite,125.1,-178.7,0.96,2.69,214
granite,162.7,-443.5,16.03,2.56,154
granite,130.9,-122.9,10.16,0.98,341
granite,269.5,-200.6,15.11,2.73,351
mossy,-299.0,395.3,52.84,1.6,158
mossy,-191.0,352.8,8.02,0.59,290
granite,150.9,-321.1,7.94,2.09,27
mossy,-123.6,245.5,18.04,1.44,40
granite,273.1,-205.6,19.24,2.42,211
granite,175.2,-400.3,16.45,1.66,110
granite,169.7,-132.6,25.84,0.83,283
granite,134.8,-188.5,7.76,0.89,339
granite,155.9,-200.9,11.23,1.24,106
granite,131.0,-256.9,3.11,0.54,279
granite,124.3,-460.3,3.02,2.49,355
mossy,-133.2,-229.2,6.16,1.79,13
mossy,-246.8,-121.3,10.61,2.69,169
granite,266.6,-304.6,16.69,2.49,200
granite,-54.3,189.9,14.46,0.41,53
mossy,-201.2,-315.4,8.72,1.44,179
granite,205.8,-128.1,19.48,1.93,354
granite,110.6,275.5,21.64,2.18,130
granite,139.0,-169.5,16.25,2.62,57
granite,292.7,-169.4,17.29,2.26,169
granite,132.0,-178.2,6.25,1.24,13
mossy,-158.1,-237.4,8.4,2.07,245
mossy,-258.9,211.7,26.85,0.61,120
mossy,-265.2,161.6,6.25,1.35,237
mossy,-150.8,-196.8,6.54,0.56,49
mossy,-143.4,399.3,32.14,2.41,291
granite,124.4,-79.5,5.55,2.37,76
granite,249.1,-220.2,12.65,1.64,207
granite,114.7,369.5,32.24,2.08,128
granite,145.8,-117.3,7.79,0.6,208
granite,-0.6,187.3,11.29,1.23,101
mossy,-254.6,-209.7,14.29,0.66,232
granite,233.6,-195.8,14.21,0.58,243
granite,-124.2,-44.4,5.37,1.72,318
granite,192.8,-153.4,22.92,1.32,342
field,-97.3,381.8,41.81,2.65,11
mossy,-124.8,352.0,15.94,1.82,70
granite,138.2,-312.2,8.76,2.27,102
field,-93.2,383.1,42.9,2.08,154
granite,281.7,-362.5,19.96,0.78,54
field,265.5,-84.6,2.03,0.91,255
mossy,-158.4,374.0,6.37,0.7,61
mossy,-163.7,-459.5,8.1,2.77,6
mossy,-279.7,-26.8,21.89,2.59,322
granite,206.9,-154.3,18.98,1.66,215
mossy,-170.1,393.1,26.05,2.47,358
mossy,-194.5,400.6,34.92,1.26,278
field,-34.3,309.8,24.41,1.2,93
granite,227.5,-176.6,14.08,2.54,284
granite,211.8,-451.9,16.05,2.74,293
mossy,-296.4,-412.1,9.77,1.85,244
granite,258.3,-294.5,13.17,2.33,181
granite,277.7,-232.9,24.18,2.48,134
granite,142.5,-169.4,14.87,2.31,140
field,-99.1,349.0,28.94,2.44,109
mossy,-134.9,266.7,8.01,1.3,135
mossy,-171.6,396.3,29.56,2.14,224
granite,159.2,-263.7,13.27,1.94,62
granite,277.2,-340.5,31.09,2.71,341
mossy,-159.6,-338.5,8.61,0.67,109
mossy,-125.2,159.9,8.48,0.61,241
granite,-122.0,88.6,3.66,1.58,280
mossy,-286.7,-241.2,9.31,0.57,331
granite,179.0,-146.1,40.15,1.05,17
mossy,-282.1,335.0,7.74,1.09,150
granite,143.6,-411.6,7.95,0.97,61
field,89.0,327.1,24.18,0.85,65
granite,175.8,-409.4,15.3,0.49,324
mossy,-204.2,-338.4,11.94,0.6,170
granite,296.6,-280.6,20.52,1.44,147
granite,216.5,-223.0,14.21,1.38,140
field,32.5,407.0,43.33,0.79,304
granite,283.4,-298.1,20.54,0.42,244
granite,78.8,185.7,18.4,0.47,357
granite,176.7,-160.6,17.29,0.46,111
granite,215.7,-359.5,20.76,1.59,324
mossy,-267.2,-14.2,7.89,1.86,219
granite,155.7,-131.2,14.78,2.61,139
granite,161.4,-149.6,15.84,1.93,16
mossy,-131.2,-461.6,11.74,2.15,48
mossy,-280.9,76.6,30.03,0.84,64
granite,110.6,329.6,24.83,1.69,7
granite,-125.8,121.3,8.35,0.96,169
granite,299.4,-218.6,44.74,1.12,203
field,-90.9,213.9,18.87,1.44,74
field,3.9,277.9,23.05,2.15,169
mossy,-282.5,-163.2,19.98,1.72,336
mossy,-253.1,-355.6,6.47,1.96,99
granite,278.8,-346.1,27.48,1.34,210
granite,227.1,-260.7,16.13,2.08,95
mossy,-277.2,113.9,37.75,0.71,173
mossy,-229.6,2.9,7.24,0.42,322
granite,297.4,-351.8,36.51,0.85,316
granite,130.6,-121.0,10.12,0.86,43
granite,292.8,-270.8,16.79,2.11,358
mossy,-264.2,-116.0,14.69,1.34,72
granite,270.6,-153.4,14.92,0.45,192
field,-104.9,314.0,25.24,0.79,12
mossy,-294.3,-164.4,30.04,1.79,179
mossy,-124.5,336.2,17.19,2.73,343
granite,288.0,-294.8,21.15,2.55,254
mossy,-168.9,-359.0,8.67,0.75,330
granite,282.0,-221.4,36.25,2.42,233
mossy,-197.7,109.2,5.64,2.16,223
granite,-31.7,-463.9,0.29,0.58,295
granite,181.0,-183.8,14.71,0.76,318
mossy,-232.9,-119.9,8.9,0.55,268
mossy,-256.3,416.2,43.67,1.89,335
granite,121.4,-290.7,0.23,2.58,292
field,104.0,360.0,30.76,0.57,54
granite,273.6,-385.8,16.5,1.68,121
granite,126.9,-350.8,1.97,1.78,185
granite,69.8,-457.1,-1.23,0.58,53
granite,289.2,-357.6,25.45,1.69,298
mossy,-203.8,221.6,5.8,1.45,228
granite,285.6,-146.9,18.34,0.55,108
mossy,-273.8,393.6,19.15,1.41,315
granite,234.0,-127.4,14.11,0.82,322
mossy,-248.6,242.9,7.85,0.55,122
granite,292.4,-369.6,23.19,0.99,209
field,-23.1,261.4,23.61,1.02,209
mossy,-270.6,-99.9,12.95,2.75,3
mossy,-292.9,297.6,17.86,0.42,347
granite,64.1,188.5,14.93,0.65,142
granite,161.0,-447.7,12.36,2.21,265
field,21.0,286.3,23.53,1.1,10
granite,156.6,-443.6,10.4,2.38,239
field,-59.9,414.6,87.65,1.88,291
mossy,-275.5,289.7,7.34,1.62,190
mossy,-288.3,285.7,23.7,2.49,79
granite,239.3,-356.3,13.91,1.08,338
mossy,-276.7,49.2,9.49,1.55,48
granite,153.5,-331.5,7.24,1.16,9
field,48.1,284.0,24.23,2.38,118
granite,169.0,-153.9,25.47,1.88,179
granite,128.0,-166.4,3.11,2.01,233
mossy,-246.4,272.7,5.35,1.79,164
granite,275.2,-116.7,15.3,1.98,321
granite,142.9,-106.8,10.56,1.53,181
mossy,-284.4,-348.3,6.53,1.17,8
granite,276.4,-349.6,22.28,2.38,251
granite,285.5,-122.2,30.02,2.49,61
granite,209.9,-116.0,14.62,2.0,284
granite,178.8,-337.1,16.42,2.55,163
mossy,-248.8,122.8,5.63,2.24,29
granite,247.3,-201.4,13.34,0.6,125
granite,298.6,-409.4,18.35,1.66,31
granite,186.0,-460.0,15.24,1.5,159
mossy,-142.3,-218.9,7.13,1.65,297
mossy,-164.6,-335.3,12.12,1.93,289
granite,263.6,-189.2,13.72,2.1,238
field,56.9,218.2,19.76,2.16,343
mossy,-158.0,-209.6,6.55,0.53,43
granite,16.0,-464.1,0.54,0.61,316
granite,285.6,-331.4,44.98,1.56,166
granite,269.6,-407.2,18.05,1.91,228
mossy,-264.5,-345.3,6.32,1.2,20
granite,290.3,-345.3,37.78,1.29,316
granite,187.7,-138.1,29.04,1.14,48
granite,291.1,-186.7,64.41,0.82,271
granite,-104.4,180.7,5.93,0.52,42
granite,114.6,418.9,59.67,0.54,222
granite,0.0,-457.0,-1.04,1.22,277
granite,190.1,-113.0,13.13,0.48,166
granite,267.2,-343.7,19.54,2.27,92
granite,294.2,-184.1,46.15,0.65,91
mossy,-203.9,3.1,9.13,2.54,44
mossy,-247.2,74.3,10.13,1.45,108
granite,165.4,-179.3,15.03,1.63,345
granite,170.9,-262.5,11.87,0.98,203
granite,193.5,-129.6,18.85,2.42,33
field,-83.9,364.4,26.78,0.77,256
